3264 5649
0 1
0 2
0 3
0 4
0 5
0 6
7 8
9 10
9 11
12 13
12 14
15 16
17 18
19 20
21 22
23 24
25 26
25 27
25 28
25 29
30 31
30 32
30 33
30 34
35 36
37 38
20 39
20 40
20 41
20 42
20 43
20 44
20 45
20 46
20 47
20 48
20 49
20 50
20 51
20 52
20 53
20 54
20 55
20 56
20 57
20 58
20 59
20 60
20 61
20 62
20 63
20 64
20 65
66 67
66 68
66 69
70 71
70 72
70 73
70 74
70 75
70 76
70 77
70 78
70 79
80 81
80 82
80 83
84 85
84 86
84 87
84 88
84 89
84 90
91 92
91 93
91 94
91 18
95 96
95 97
95 29
98 99
100 76
100 101
102 103
104 105
106 107
108 109
108 110
111 112
62 18
113 114
113 115
116 117
118 26
119 120
121 122
121 123
121 124
121 125
121 126
127 85
127 86
127 84
127 87
127 89
127 128
127 129
127 90
130 20
131 20
132 27
132 28
132 133
134 135
134 136
137 138
139 140
141 142
141 143
141 144
145 146
147 148
149 150
151 152
153 154
155 156
155 157
155 158
155 159
155 160
155 140
161 162
161 163
161 164
161 165
166 26
166 27
166 167
166 168
166 169
166 29
170 171
172 173
174 175
176 177
178 179
180 181
182 183
184 28
185 186
187 188
187 189
187 190
187 191
192 169
193 194
195 196
197 27
197 198
199 200
201 152
202 203
204 205
204 206
204 207
204 175
204 157
204 208
204 97
209 210
209 211
212 213
212 214
212 215
212 216
212 217
212 218
212 219
212 220
212 221
212 222
223 224
223 225
223 226
223 227
223 228
229 230
229 76
229 231
229 232
233 234
233 235
233 236
233 237
238 107
239 240
239 68
239 241
239 242
239 243
239 221
114 244
114 245
114 246
114 247
114 248
249 250
249 251
249 252
211 210
211 253
254 255
256 257
258 5
259 260
261 262
261 263
261 264
261 265
266 267
266 268
269 270
269 271
272 273
274 275
274 276
277 278
277 279
277 280
277 281
282 283
282 31
284 285
286 29
287 288
289 290
289 291
289 76
289 292
289 79
293 294
293 295
293 121
293 296
297 298
297 175
297 299
300 301
302 24
303 304
305 253
13 306
13 307
13 308
309 310
309 311
309 312
313 314
313 315
313 76
313 316
317 85
317 318
317 319
317 320
317 219
321 322
323 169
324 325
326 327
328 329
330 331
332 333
332 77
334 335
334 336
334 337
334 155
334 4
334 175
334 338
334 114
334 339
340 322
340 341
340 73
340 74
340 342
340 163
340 343
340 344
340 345
340 29
346 327
347 348
347 349
347 350
347 75
351 352
351 122
351 121
353 175
353 157
354 355
354 356
354 357
354 358
359 360
361 206
362 339
363 364
363 365
363 366
363 367
368 369
370 184
370 371
370 372
370 60
373 354
374 375
376 354
377 378
379 380
335 194
335 381
335 37
382 383
384 331
384 385
384 253
164 386
387 388
389 390
391 392
391 393
394 175
394 169
395 207
396 91
397 319
397 398
399 400
399 121
401 121
402 296
77 107
77 403
77 404
77 405
77 406
77 407
408 329
408 409
408 410
411 370
411 412
411 413
411 414
415 416
415 28
415 329
415 417
415 418
415 29
419 76
420 421
420 422
420 423
420 424
221 425
221 426
221 427
221 428
221 107
221 429
221 253
221 122
221 430
221 241
221 431
221 343
221 344
221 432
221 433
221 434
221 339
435 70
435 436
435 437
240 438
240 439
240 440
240 441
240 442
240 443
240 97
342 444
342 445
342 446
342 447
342 448
342 449
342 60
450 344
451 452
307 28
453 454
455 456
457 458
459 453
459 298
459 460
459 461
459 462
463 464
463 465
466 251
467 468
469 470
471 270
472 473
474 475
476 24
477 194
478 194
479 198
403 480
481 152
482 175
483 484
483 485
483 486
483 381
483 487
483 488
489 490
489 491
492 493
492 494
492 194
492 495
492 496
492 28
492 497
492 450
492 314
492 498
492 499
492 500
492 501
492 502
492 503
492 504
492 505
492 171
492 506
492 242
492 507
492 296
492 508
492 221
492 384
492 509
492 510
511 194
512 513
514 515
514 301
514 253
514 73
514 485
514 175
514 157
514 201
514 50
514 344
516 16
517 518
107 519
107 520
521 522
521 523
524 525
526 342
527 528
527 219
527 339
529 219
530 210
530 531
530 532
530 533
530 534
530 535
530 536
530 537
538 486
539 540
541 542
543 544
545 169
546 547
548 549
550 551
552 553
552 97
554 555
554 556
557 227
557 558
557 559
557 560
561 562
563 564
565 566
565 567
568 569
570 329
571 572
244 194
573 27
573 97
574 207
574 470
575 169
576 27
576 206
576 175
577 403
577 492
578 579
578 163
580 581
72 322
72 582
72 583
72 584
72 403
72 585
72 586
72 162
72 587
72 588
589 590
591 227
592 593
594 595
596 597
596 598
599 194
599 96
599 600
599 601
602 603
604 169
604 410
605 606
607 107
378 608
378 566
378 609
378 55
610 611
612 613
614 615
614 616
614 617
614 618
614 619
614 620
614 621
614 622
623 624
623 581
623 625
626 627
175 628
175 629
175 630
175 631
175 632
175 633
175 634
175 635
175 163
175 584
175 636
175 228
175 637
175 448
175 638
175 639
175 640
175 641
175 642
175 643
175 644
175 645
175 646
175 225
175 647
175 648
175 649
175 184
175 374
175 650
175 651
175 351
175 652
175 653
175 654
175 655
175 449
175 656
175 657
175 658
175 552
175 659
175 660
175 661
175 662
175 663
175 664
175 63
175 665
175 666
175 169
175 667
175 668
175 669
175 551
175 670
175 671
175 672
175 673
175 674
175 675
175 676
175 677
175 678
175 679
175 680
175 681
175 682
175 683
175 684
175 685
175 686
175 687
175 688
175 689
175 690
175 691
175 692
175 693
175 72
175 694
175 695
175 696
175 697
175 698
175 699
175 700
175 53
175 145
175 701
175 702
175 79
175 703
175 704
175 705
175 706
175 707
175 349
175 708
175 709
175 318
175 710
175 711
175 712
175 713
175 714
175 60
175 27
175 715
175 716
175 717
175 718
175 719
175 483
175 194
175 720
175 721
175 722
175 723
175 724
175 725
726 727
726 20
442 728
729 15
730 731
732 733
732 734
735 682
735 736
737 378
737 738
737 383
739 438
740 183
741 566
742 743
744 745
744 329
446 746
446 110
747 206
747 748
747 749
51 750
51 751
51 746
752 753
6 754
6 370
6 181
6 28
6 529
755 207
755 756
755 757
755 758
755 759
755 760
755 251
755 761
762 55
337 298
337 763
764 615
765 766
767 708
767 768
767 769
767 707
767 757
767 770
767 759
767 771
767 761
767 772
773 483
774 775
774 566
776 122
776 245
777 138
778 779
780 29
781 14
782 307
783 653
784 710
679 785
786 194
786 175
786 245
245 787
245 788
245 789
245 790
245 571
245 428
245 791
245 792
245 793
245 794
245 795
245 796
245 663
245 797
245 798
245 799
245 55
245 800
245 801
245 802
245 803
245 804
245 687
805 806
807 551
808 809
810 625
811 812
813 814
815 816
817 818
817 273
819 30
820 122
821 822
821 823
821 824
821 681
821 706
821 825
821 200
821 77
821 826
821 704
821 639
771 827
771 828
829 830
829 831
832 331
833 428
833 794
833 834
835 735
836 727
836 295
837 428
837 29
838 566
838 839
840 841
842 843
842 569
842 844
842 152
845 27
846 194
846 847
846 848
846 849
846 54
846 221
850 255
850 851
852 148
852 163
852 343
146 551
146 853
689 298
338 308
188 854
188 625
188 255
188 855
188 208
188 856
188 467
857 858
859 76
859 292
860 24
860 403
861 152
862 863
862 2
862 864
862 865
862 866
862 458
862 867
862 868
862 869
870 28
871 872
871 532
871 873
748 793
748 874
875 876
877 878
879 146
879 880
879 181
879 96
879 487
879 69
879 410
613 881
613 536
882 883
882 884
885 194
885 259
886 887
886 888
889 553
890 891
890 892
893 335
894 103
895 164
896 27
896 897
896 29
898 899
336 137
336 900
336 901
336 793
336 902
336 903
336 904
905 906
905 907
908 909
910 911
910 732
910 489
912 608
912 352
912 329
912 405
912 152
912 29
913 122
914 915
916 917
916 918
919 920
919 329
919 409
919 410
921 922
921 923
924 898
924 492
364 915
925 887
926 927
928 28
928 329
929 930
60 28
60 931
60 932
60 486
60 110
60 97
60 488
933 99
933 157
933 152
934 935
936 349
936 99
936 11
937 107
938 939
938 940
938 941
942 152
943 944
943 945
943 946
943 947
948 949
948 278
76 436
76 28
76 253
76 950
76 951
76 74
76 848
76 553
76 721
76 952
76 953
76 954
76 955
76 956
76 957
76 860
76 958
959 201
99 960
99 961
962 963
962 814
962 964
962 965
962 228
966 515
966 967
968 969
970 27
970 28
970 625
970 219
970 971
854 138
854 55
854 536
89 972
89 85
89 87
89 90
973 244
973 974
973 975
976 617
976 977
976 978
979 68
979 980
979 201
979 343
979 981
743 982
743 983
743 984
743 985
743 372
743 986
743 915
743 987
988 935
707 989
990 991
990 992
990 278
383 993
383 994
383 664
383 995
383 996
383 997
383 123
383 998
383 999
383 1000
383 1001
383 665
383 1002
383 1003
383 1004
383 720
383 1005
383 1006
383 1007
383 60
383 1008
1009 1010
1009 1011
1012 1013
1014 566
1015 1016
1015 1017
1015 524
1015 142
1015 1018
1015 1019
1015 250
1015 214
1015 1020
1015 1021
1015 217
1015 1022
1015 219
1015 536
1015 510
1023 137
1024 138
1025 1026
339 1027
1028 96
1028 748
1028 383
232 1029
232 769
232 1030
232 1031
232 29
1032 18
1033 16
1034 1035
1034 96
1034 20
1036 684
1036 1037
1036 1038
1036 1039
1036 1040
797 973
797 97
797 410
797 1041
1042 1029
1043 22
1044 1045
1046 725
1046 107
1046 641
1046 43
1046 1047
1046 1048
1046 76
1046 1049
1046 1004
1046 774
1050 175
1051 403
1052 24
1053 1054
1053 1055
1053 319
1056 349
11 963
11 1057
11 1058
11 2
11 1059
11 725
11 1060
11 1061
11 672
11 681
11 1062
11 1063
11 227
11 1064
11 1065
11 1066
11 793
11 1067
11 959
11 76
11 667
11 414
11 502
11 1068
11 125
11 1069
11 1070
11 1071
11 1072
11 1073
11 79
11 366
11 1074
11 1075
11 221
11 1076
11 152
11 384
1077 210
1077 1078
1077 138
1077 1079
1080 146
1081 1082
1083 335
1083 1084
1085 342
1085 163
128 85
128 87
128 90
1086 76
1087 1088
1087 203
1087 830
1087 1089
1087 1090
1091 1092
1091 374
1093 1094
634 138
634 196
634 280
634 97
1095 329
1096 644
1096 228
1097 1098
1099 335
1100 360
1101 234
1101 491
1101 233
1101 1102
1103 1104
1105 1106
1107 1108
1109 403
1110 1111
1110 55
1110 1112
1113 962
1113 1114
1115 27
1115 492
884 467
1116 785
1116 1117
1118 718
1118 231
1119 253
1120 200
1121 1016
1121 1122
1121 1123
198 716
198 879
1124 436
1124 1125
1126 1127
1128 1129
1130 495
1130 194
1130 1131
1130 1132
1130 536
1133 1134
1133 175
1135 1136
1135 1137
1138 1139
1140 146
1141 540
1142 69
1143 335
1144 26
1144 883
1144 929
1144 751
1144 1145
1144 1146
1144 1147
1144 793
1144 1148
1144 1149
1144 1150
1144 536
1144 1151
1144 221
1144 1152
1153 1154
1155 29
625 993
625 1156
625 211
625 1157
625 1158
625 1159
625 76
625 1160
625 1161
625 1162
625 537
1163 1164
1163 1165
1166 1167
1168 625
1104 918
1169 1170
1171 566
1172 28
1172 1173
1172 219
1174 1175
1174 1176
1174 1177
1174 1178
1174 1179
1174 103
1174 140
830 202
830 1180
1181 219
1182 579
1182 878
1182 887
1182 886
1182 1183
1184 742
1184 1167
1184 1185
1186 1187
547 1188
547 1189
547 1190
547 1191
547 1192
547 1193
547 1194
547 1195
547 1196
547 1197
547 1198
547 1199
547 1200
547 1201
547 1202
547 1203
547 1204
547 1205
547 1206
547 1207
547 1208
547 1209
547 1210
547 1211
547 1212
1213 1144
1213 1214
1215 251
558 963
558 225
558 1216
558 43
558 47
558 1217
558 1213
558 1218
558 962
558 1219
558 163
558 978
558 169
558 1220
558 200
558 826
558 1221
558 152
558 1222
558 947
558 1223
1224 743
1225 292
1226 1227
1226 1228
1226 1229
1230 329
1231 1232
1233 1234
1233 1235
1233 1236
680 27
680 1091
680 1237
1238 5
824 1128
824 1239
824 167
824 122
824 175
824 1240
824 1241
824 1242
824 1243
824 1244
824 971
824 29
1245 43
1245 239
1245 241
1245 243
1245 1246
1245 434
1245 221
1245 152
1247 608
1248 743
1249 436
1249 435
1249 1250
1251 778
1251 1252
1253 1254
1255 793
670 329
1256 99
1257 335
1258 1259
1260 1261
1262 295
1263 486
1264 110
1265 27
1265 167
1265 1266
1265 1267
1265 29
1268 553
999 564
999 1013
999 107
999 1269
1270 1271
1178 175
1272 683
1273 26
1273 219
1273 152
1273 273
1274 1275
1132 18
246 571
246 1276
246 1277
1278 1279
1280 150
1281 29
502 772
1282 920
1283 1147
1284 1285
1286 636
1286 27
1286 1287
1286 1288
1286 31
1286 1289
1286 1290
1286 793
1286 1132
1286 1274
1286 1291
1286 1292
1286 1293
1286 1294
1286 1004
1286 1231
1286 1006
1286 1295
1286 1296
1286 221
1286 1297
1286 1181
243 1298
243 428
243 1299
243 374
243 1300
243 434
243 221
243 1040
1301 206
1301 198
1301 169
1302 177
1303 31
194 1304
194 485
194 1305
194 1306
194 674
194 1307
194 1308
194 1309
766 1310
1311 331
1312 234
1312 1101
1313 1314
1313 677
1313 152
1315 29
1316 775
1317 20
1318 1319
1318 1320
1321 99
1322 879
1323 29
1324 383
1325 28
1325 1326
1327 169
1328 1076
1329 352
1329 1232
961 329
961 1330
1331 29
1332 194
1333 1334
1333 338
1333 76
1335 666
1335 99
1335 163
1335 1336
1335 934
1335 150
1335 935
1335 1337
437 27
437 331
437 335
437 1176
437 28
437 404
437 342
437 319
437 169
437 935
437 29
1338 383
1339 1340
1339 423
1339 125
1339 1341
1339 1342
1343 1344
1345 364
1241 1346
1241 66
1241 483
1241 1347
1241 1348
1241 1349
1241 415
1350 1351
1350 219
1352 27
1352 175
1352 157
1352 1353
1352 198
1352 1354
1352 1355
1356 99
1356 1357
1358 273
1359 1360
1359 1361
1359 1362
1359 1363
1359 1364
1365 354
1365 18
1366 296
428 1367
428 1368
428 721
428 1369
428 434
428 1370
428 1008
1371 1372
1373 26
1373 463
1373 1374
1373 1375
1373 216
749 664
749 1028
749 1376
749 793
749 794
749 1377
749 169
749 874
749 1222
749 1378
1379 175
1380 28
312 194
312 107
1381 1382
1381 1116
1383 961
1384 608
909 540
909 22
909 625
909 1385
909 1386
1387 569
1388 255
971 684
971 1016
971 788
971 1389
971 1390
971 214
971 141
971 1391
971 1392
971 103
971 1393
971 1394
971 1021
971 219
971 1395
971 456
971 1396
1397 1398
1399 1086
1400 1401
1402 175
1403 1404
1403 851
1405 1406
2 335
1407 344
1408 1409
1408 1410
1408 324
1408 1378
1411 475
1412 608
1412 513
1413 536
86 354
86 87
86 90
1414 96
1415 608
1415 24
219 28
219 37
219 1416
219 1417
219 18
1360 1418
1419 515
1419 194
1419 608
1419 1420
1419 255
1419 1227
1419 157
1419 492
1419 97
1419 29
1421 146
1422 806
1423 1424
1423 1425
1423 1426
1423 1427
1423 1428
1423 1429
1423 1430
588 562
588 1431
588 77
1432 18
673 298
673 96
673 873
1433 1434
1433 1435
1433 1436
1433 1437
1433 1438
1433 1439
1433 1250
1433 1440
1433 1002
1433 1441
1433 317
1433 956
1433 1442
1433 1443
1433 1444
1433 386
1433 62
1433 1445
1446 1184
1447 207
1448 29
1449 157
1449 1450
1449 1451
1220 163
1452 1453
1454 775
1454 1455
1346 1456
1457 727
1457 1458
1457 978
1459 26
1460 1461
1460 459
1462 1463
1464 1465
1466 1271
1467 1468
1467 340
1469 194
1469 1470
1471 566
1471 378
1471 38
1471 609
1228 2
1228 1472
1228 1473
1228 1474
1228 1475
1228 704
1228 1476
1477 175
1478 175
1478 1479
1480 566
1480 213
1480 1135
1480 1481
1480 1244
1480 345
1482 27
1482 157
1483 169
136 76
1484 1485
173 1155
173 1486
173 1487
173 1488
173 1235
173 837
173 536
597 650
597 1489
1490 406
1491 608
1491 255
1491 487
1491 488
1492 27
1492 608
1492 24
1492 1030
1492 169
1493 253
1494 833
1494 213
1494 1495
1494 1496
1494 1497
1382 700
1382 76
1382 169
189 993
949 194
949 29
1498 1036
1498 470
1498 484
1498 175
1498 1218
1498 488
1499 68
1500 205
1500 1501
1500 1502
1500 1503
1500 1504
1500 1505
1500 1506
1500 1507
1500 1508
1500 1509
691 27
64 255
64 839
1510 208
676 194
1511 335
1511 38
1512 1513
1512 1514
1512 1515
1516 28
1517 329
917 1518
1519 1520
1521 167
1219 349
1219 73
1219 350
1219 157
1219 1522
1219 54
1219 407
1523 624
1523 1524
1523 277
1523 175
1523 1522
1523 296
1525 1526
1527 1528
1529 175
683 329
683 1530
1531 488
1532 1533
1534 769
1535 138
1535 152
1536 251
1537 1538
816 1539
1540 749
1541 1542
1541 270
1541 1398
1541 273
1543 99
996 27
996 28
996 169
996 29
1544 26
1545 27
1545 152
1546 26
1546 1267
1547 1214
1548 1549
371 28
371 486
213 70
213 1550
213 13
213 1551
213 435
213 175
213 559
213 304
213 191
213 55
213 343
213 989
213 1096
213 1552
213 467
213 152
522 67
522 681
522 673
522 1553
522 76
522 848
522 705
522 1011
522 1344
522 221
522 1554
1555 1556
1555 1557
1176 1558
1176 1559
1176 665
1176 551
1176 1344
1560 1561
1562 18
97 194
97 928
97 920
97 329
97 184
97 1563
97 793
97 1564
97 1565
97 674
97 410
97 1566
97 651
1567 1568
1569 1570
1571 383
1572 1548
1573 138
1573 1035
1573 1574
1575 1576
1577 335
1578 433
559 727
559 340
559 156
559 307
559 918
559 201
559 834
559 1579
559 169
559 1344
559 221
559 152
559 63
250 1017
250 483
250 1580
250 1021
250 1004
250 881
250 1581
1582 1475
906 1583
906 255
906 1584
906 350
906 1254
906 456
906 971
906 18
1585 1586
617 26
617 615
617 616
617 944
617 618
617 619
617 620
617 621
1587 492
1588 27
1588 177
1588 55
1589 72
1589 1590
1589 1591
1589 200
1468 225
1468 1271
1468 228
1592 1583
1592 456
1593 487
1594 26
1594 754
1594 0
1594 1595
1596 1597
247 225
247 27
247 222
1598 517
1598 1526
169 1599
169 1600
169 1601
169 1602
169 711
169 928
169 1603
169 1604
169 1605
169 352
169 1606
169 1607
169 1193
169 1608
169 716
169 1609
169 1610
169 1611
169 1612
169 683
169 1613
169 1393
169 1236
169 1614
169 1254
169 1615
169 1616
169 1617
169 1231
169 1344
169 97
169 1244
169 1618
169 312
169 648
1619 194
1619 823
1619 2
1619 1620
1619 1621
1619 1622
1619 447
1619 1623
1619 1624
1619 1625
1619 1030
1619 154
1619 906
1619 1626
1619 1044
1627 88
1627 848
1628 1629
1628 1630
90 1495
90 129
90 152
1631 522
1631 814
1631 849
465 392
1632 97
1633 788
1634 1014
1634 1635
1634 1636
1634 1637
1638 1639
1638 1640
1638 1641
1642 1643
1644 1645
1644 1639
1644 72
1644 1646
1644 1407
1644 1647
1644 1648
1644 848
1644 1649
1644 1650
1644 344
1644 77
1644 1651
1644 1652
1644 1653
1654 818
1654 273
671 1655
1656 919
1656 27
1656 570
1656 1657
1656 1429
1656 97
1656 1658
409 928
409 1346
409 1064
409 1659
409 1660
409 1110
409 97
409 1431
409 802
1661 1662
1661 1663
1661 1664
1661 1665
1661 1666
1661 1667
1661 1668
1661 1669
1661 1670
1671 1672
205 1501
205 1503
205 673
205 175
205 96
205 1673
205 29
167 628
167 933
167 630
167 1674
167 591
167 509
167 636
167 1134
167 228
167 157
167 1271
167 1675
167 1676
167 1677
167 641
167 1678
167 642
167 1679
167 29
167 644
167 1680
167 649
167 184
167 340
167 906
167 946
167 1681
167 657
167 1682
167 200
167 1059
167 255
167 912
167 1566
167 672
167 680
167 682
167 681
167 555
167 683
167 175
167 409
167 735
167 699
167 1683
167 1145
167 949
167 1413
167 704
167 349
167 11
167 743
167 1684
167 711
167 410
167 1685
167 27
167 1686
167 1266
167 1687
167 1688
167 1689
1690 26
1691 1692
1693 278
1693 277
1693 296
1693 844
1693 1694
1695 718
1114 171
1696 769
1696 952
1696 1295
1697 485
1697 79
1698 438
1698 751
1698 1699
1698 1700
1701 304
1702 146
1702 304
291 194
1004 1337
372 24
372 28
1703 1704
1705 1706
887 1707
1708 1082
1709 1710
1709 1711
1709 1712
1713 725
1713 1714
1082 425
1082 1715
1082 1547
1082 1059
1082 1121
1716 175
1717 1718
1717 181
1717 459
1719 983
1719 1720
1721 1722
1723 57
1724 1725
1726 194
1726 213
1726 68
1726 1169
1726 1727
1237 1334
1237 1728
1237 374
1237 1040
1729 1227
1729 339
1730 1054
1731 839
1732 97
1733 1029
1733 354
1733 219
1734 99
1735 1408
1736 210
1736 1216
1736 1737
1736 1738
1736 213
1736 1739
1736 1740
1736 152
1741 1742
1741 270
506 964
1743 1744
1745 138
1746 28
1747 1486
1747 255
1747 383
1747 152
1748 163
1749 1750
1749 999
43 425
43 240
43 743
43 196
43 443
43 343
1751 194
1751 301
1751 68
1751 1713
1751 1595
1751 771
1751 1706
1752 1753
1754 272
1754 1755
1754 222
1754 1756
1757 335
1757 169
1758 206
515 194
515 340
515 664
515 87
515 1759
515 1760
515 76
515 912
515 1761
515 670
1762 1763
1762 1764
1765 1766
768 1360
768 1233
1767 1768
1767 1769
1657 329
1770 169
1771 1772
1771 420
1771 1773
87 85
87 1774
87 1775
87 129
87 1776
87 254
87 90
87 384
1777 1778
834 350
716 1779
716 97
1780 1456
1780 381
1429 329
1781 533
1781 534
1781 535
1781 173
349 1782
349 1547
349 699
349 1059
349 483
349 672
349 214
349 1196
349 1783
349 1143
349 1784
349 1733
349 1785
349 1786
349 228
349 152
1787 608
1787 524
1787 338
1787 1788
1787 1526
1789 1790
1789 500
1789 1791
1789 1792
1789 163
1789 1793
1789 536
1613 1794
793 931
793 69
1795 1796
1797 1548
27 1798
27 227
27 1799
27 510
27 1069
27 1800
27 1801
27 1802
27 495
27 1803
27 1804
27 1805
27 642
27 1325
27 789
27 649
27 184
27 1806
27 339
27 928
27 504
27 1807
27 1808
27 290
27 1566
27 1809
27 1810
27 1516
27 1811
27 507
27 699
27 1812
27 350
27 152
27 1004
27 1813
27 410
27 1814
27 60
27 1815
27 718
27 794
27 1816
27 1817
27 1657
27 725
1818 1819
1818 1820
1818 965
1818 1821
1515 446
1515 1514
1515 1822
1515 152
360 209
360 1823
142 1824
142 1825
142 1826
142 1827
142 1828
142 1829
142 1830
142 1831
142 1832
142 242
142 1833
142 1834
142 879
142 1835
1836 1837
1838 547
1839 1840
1839 989
306 524
794 1841
794 68
794 198
794 1233
794 1779
794 55
794 169
794 97
794 152
1842 1843
1842 1844
1845 24
1846 167
1846 943
1076 194
1076 485
1076 1847
1848 11
528 1849
1850 1851
1850 175
1852 138
1852 429
1372 1340
1372 1853
1372 1854
1372 1725
1855 167
1855 1856
1855 1857
1855 1858
1855 29
1855 510
487 1859
487 1860
1275 602
1275 342
1275 1252
1861 142
1862 142
1863 1864
1865 18
1866 1867
1868 1869
1870 68
1871 1273
1659 1456
1872 146
1070 97
1873 18
1874 410
1875 898
1875 1551
1875 1876
1877 175
1878 766
1879 24
1880 322
1881 522
1881 1882
1881 973
1881 184
1881 1883
1881 1039
1881 76
1881 1884
1881 1885
1436 1886
1436 1887
1436 1010
1436 1011
1436 1888
897 72
1889 1890
1891 211
1892 198
1893 24
662 194
662 352
662 1894
662 1895
662 1896
662 912
662 712
1897 219
1898 1899
1267 112
1267 1900
1901 335
1902 1903
231 1904
231 1905
231 567
231 1145
231 421
231 351
231 1906
231 118
231 1907
231 1908
231 1909
231 1910
231 302
1911 1059
1911 1216
1911 1912
1911 1218
1911 1839
1911 1682
1911 152
684 29
271 1913
271 1914
271 1915
271 1916
271 1917
271 1918
271 1541
271 1358
271 304
271 1919
271 1297
271 273
177 1920
177 1750
177 76
177 1004
1921 1922
1923 745
1923 1924
1923 121
1923 1398
1923 140
1925 342
1926 378
1926 1072
1501 1502
1927 243
1928 727
1928 245
1929 219
1930 428
1930 1147
1930 793
1930 1931
1932 1922
1933 839
1934 253
1935 1155
1936 1039
1936 1937
1936 685
1936 1581
1938 1939
1916 1252
1940 850
1941 409
1942 138
1942 392
1943 1919
1944 625
1945 1130
1945 839
1946 1947
1948 1949
1948 18
470 1950
470 1156
470 72
470 788
470 1951
470 1952
470 1953
470 1954
470 6
470 1393
470 1955
470 1776
470 1005
1019 1016
1019 524
1019 250
1019 255
1019 484
1019 486
1019 219
1019 1244
1956 887
1956 771
1957 152
1958 253
1959 1518
1960 587
1961 1433
1962 611
1962 1963
1964 742
1964 743
1964 986
1965 1966
1965 1556
1965 835
1965 233
946 1967
1165 1127
1968 194
1969 1970
1969 11
1969 487
1969 1254
1969 61
1037 553
1971 138
1971 1972
1973 138
1851 27
1851 673
1851 1974
1851 1039
1851 1975
1976 273
427 1977
1978 1456
152 438
152 1979
152 1980
152 196
152 99
152 1981
152 148
152 1563
152 96
152 75
152 1982
152 1983
152 1984
152 1660
152 1539
152 1985
152 1986
152 1099
152 343
152 1344
152 55
152 1987
152 219
152 1370
152 1988
152 1989
152 1990
152 1991
152 1992
1993 57
1994 834
217 194
217 1016
217 1017
217 524
217 484
217 1021
217 487
217 1004
217 488
1995 1004
1996 18
1997 11
1998 175
1998 1455
1998 943
1998 29
958 156
958 1999
2000 772
366 699
366 725
366 340
366 682
366 999
366 1001
366 169
366 29
366 152
2001 2002
2001 1227
2001 2003
2001 1460
2001 2004
841 608
841 329
841 409
841 2005
841 1110
841 433
2006 785
2007 335
2007 959
2007 1515
2007 339
2007 935
1016 211
1016 2008
1016 525
1016 483
1016 447
1016 214
1016 486
1016 2009
1016 2010
1016 2011
1016 381
1016 2012
1016 37
1016 372
1016 1244
1016 2013
1016 536
1016 2014
1016 510
2015 255
2016 329
2016 255
2017 2018
2019 522
2020 2021
1692 998
222 429
222 2022
222 255
222 1121
222 2023
2024 27
2024 2025
2026 329
2027 704
513 2028
2029 742
2029 743
2029 1840
2029 983
2029 2030
2029 175
2029 2031
2029 2032
2029 986
2029 2033
2029 2034
2029 1964
641 27
641 28
641 239
641 2035
641 169
2036 459
2036 2037
1924 2038
2039 298
2040 487
2041 354
2041 253
1806 29
751 682
2042 699
2042 2043
761 2044
761 163
761 1534
171 329
171 99
171 1393
171 2045
2046 344
2047 219
2048 1062
2049 547
2049 152
2050 2051
2052 2053
2054 55
2055 146
1375 2056
2057 887
2057 1183
2057 2058
2057 20
2057 1279
2059 1078
2059 510
2060 97
2061 2062
2063 775
2063 1239
1146 27
1146 28
1146 173
1146 231
1146 163
1146 492
1146 169
1146 29
2064 122
2065 1420
2066 1839
2066 200
2066 2067
2068 2069
162 2070
162 2071
162 152
1630 806
1630 169
1630 97
2072 1495
2072 296
2073 666
2073 627
1966 167
1966 736
1966 835
1966 735
2074 1833
2075 255
2075 169
1227 628
1227 167
1227 634
1227 1271
1227 198
1227 157
1227 1671
1227 1677
1227 306
1227 2076
1227 2077
1227 642
1227 1039
1227 184
1227 791
1227 569
1227 2013
1227 2078
1227 1566
1227 1761
1227 673
1227 2079
1227 175
1227 2080
1227 1842
1227 372
1227 2081
1227 1016
1227 1146
1227 6
1227 1370
1227 2082
1227 2083
1227 2065
1227 1244
1227 60
1227 2084
1227 194
1227 1782
1227 909
2085 329
2086 329
2087 55
1782 137
587 2088
587 372
2089 328
2090 2091
2092 2093
2092 169
2094 1922
2095 208
2096 29
2097 551
2098 2099
2100 1054
2101 669
215 2102
215 255
215 201
215 11
215 304
215 536
215 1222
585 211
585 1750
585 999
585 1954
585 2103
585 2063
585 2104
585 551
585 1341
2105 2106
2107 329
2107 1344
2108 839
2109 163
2110 429
2110 682
1550 2111
1550 1744
1550 547
1550 343
1550 1116
2112 1494
2113 28
2114 349
2114 2115
2114 175
2114 157
2114 74
2114 344
2114 29
2114 61
2116 404
2117 485
1970 664
1970 306
1970 2118
1970 2119
1970 2017
1970 60
1970 221
1970 152
2120 150
2121 183
2121 1039
2122 833
2122 1035
2123 2124
2125 1608
2126 150
1145 428
1145 848
2127 491
2127 1186
2127 1187
2127 910
2128 26
2129 138
2129 152
2130 76
2078 175
2078 163
2078 943
2078 150
1064 329
1064 55
1064 152
1064 29
2131 1950
2131 2132
2131 2133
2131 536
2134 175
2134 157
2134 96
2134 559
2134 97
2134 150
1912 1456
2135 1017
2135 28
2135 219
2136 97
2136 221
2137 2138
2137 496
2137 500
2137 2139
2137 505
2137 1787
2137 242
2137 510
2140 971
2111 1724
2111 1725
2141 219
1022 438
207 1080
207 538
207 2142
207 1035
207 2143
207 1393
207 103
207 2144
207 2145
207 1004
2146 1725
2147 2148
2147 788
2147 887
2147 1899
2147 1393
2147 1183
2149 72
2149 57
2150 27
2043 155
2043 2151
2043 339
2152 251
452 2153
452 2154
452 2155
452 2156
452 2157
452 2158
452 2159
2160 2161
2162 60
2163 788
2164 26
2165 2166
788 403
788 253
788 2167
788 1406
788 404
788 1225
788 14
788 745
788 1992
788 540
788 839
788 1030
788 339
788 345
788 97
788 2168
788 2169
788 322
788 406
788 2170
788 2171
788 2172
788 585
788 239
788 2173
788 2174
788 2175
788 848
788 207
788 20
788 1232
788 958
788 806
788 2176
788 2177
788 85
788 171
788 2178
788 2179
788 107
788 1275
788 1464
788 89
788 1914
788 146
788 2180
788 605
788 375
2181 278
2182 152
2183 745
2184 194
2185 973
241 219
2186 150
2187 683
2188 1176
2188 171
1222 2189
1222 2190
1222 225
1222 425
1222 1036
1222 664
1222 240
1222 562
1222 1563
1222 227
1222 1564
1222 630
1222 1354
1222 1545
1222 296
1222 152
2191 181
1772 420
2192 1851
2192 280
2193 85
2193 87
2193 90
2194 194
2195 146
2195 2196
2197 225
2198 704
295 1675
295 331
295 2199
295 1084
295 962
295 317
295 2200
2201 2202
964 2203
964 2204
2205 409
2206 2207
2206 835
2206 547
2206 2208
2206 2209
2210 194
2211 1029
775 2212
775 2213
775 2214
775 536
2215 322
2215 2216
2215 76
2215 393
2217 27
2217 1016
2217 138
2217 2048
2217 1515
2217 2131
227 329
227 855
2218 298
2218 470
2218 1227
2218 1788
2218 20
2218 1108
218 1016
2219 1275
2220 194
2221 470
2221 255
2221 296
2222 329
2223 2224
325 1132
2031 2225
2226 253
1069 964
2227 176
2227 1134
2227 154
2227 2228
2227 1004
344 194
344 446
344 2229
344 448
2230 601
2231 547
2232 1016
560 27
560 206
560 177
560 156
560 429
560 743
560 2233
560 1010
560 1420
560 1227
560 882
560 486
560 157
560 96
560 11
560 1779
560 2234
560 169
560 97
560 1222
560 29
2235 2155
2235 215
2235 1143
2235 966
2235 121
2235 1130
2235 1871
2235 222
2235 1451
2236 2237
1073 682
2238 1036
2238 705
2238 1293
2239 2240
2239 163
2239 978
2239 1592
2239 152
848 2241
848 1647
848 2242
848 58
839 2243
839 2244
839 1393
2245 298
2245 2246
2247 191
2248 340
2248 157
2249 110
14 1393
14 1441
14 874
14 2250
664 581
664 931
664 96
664 2171
664 74
664 593
664 1779
664 110
664 97
664 150
664 957
2251 727
2251 122
2251 830
2251 1698
1125 1688
1125 436
1125 788
1125 2215
1125 72
1125 213
1125 785
1125 318
1125 435
1125 76
1125 644
1125 296
1125 2252
1125 1697
1125 64
255 1080
255 2253
255 2064
255 483
255 306
255 672
255 227
255 917
255 2041
255 1132
255 1130
255 152
2254 122
2255 2180
818 196
2256 194
2256 2257
2256 1639
2256 1638
2256 43
2256 1376
2256 1411
2258 1656
2167 1750
2259 1252
2259 150
2260 26
2261 344
1601 96
2262 2263
2264 446
2264 1039
2265 194
225 10
225 436
225 194
225 1750
225 2266
225 328
225 1590
225 2035
225 201
225 1004
225 344
225 1279
225 313
225 2200
225 29
2267 522
2267 26
2267 2268
2269 2270
2269 2271
2269 429
2269 593
2272 1049
103 1035
103 2273
2274 1408
2274 2275
1937 343
2276 1381
352 674
28 1417
2277 750
2278 608
2279 920
2279 329
2279 409
2279 1656
1395 2280
1395 2281
1951 1948
567 335
2282 793
2045 2283
642 28
2284 97
1298 2018
214 1017
214 486
214 381
214 219
214 488
2285 2286
55 148
2287 152
536 1017
536 2288
536 524
536 370
536 335
536 1029
536 24
536 28
536 1788
536 381
536 219
536 1398
2289 329
2290 793
2291 354
800 624
800 2292
800 43
800 240
800 329
800 440
800 409
800 441
800 443
800 410
800 365
2293 1017
2293 28
2293 1173
2293 219
2293 879
2294 250
2295 157
2296 1750
2296 2297
2296 2108
844 278
844 989
2298 276
2299 152
2300 1401
407 689
2301 2302
2303 167
2303 74
2304 198
2305 492
2305 578
2306 428
2306 1336
2306 934
2306 935
2307 1016
2308 329
2309 2257
2310 354
2310 2123
2311 2312
2311 706
2311 171
2311 1040
1506 2313
1506 205
1506 1503
1506 1509
1506 601
998 194
2314 2315
2314 915
1451 194
1451 1016
1451 2316
1451 1017
1451 181
1451 483
1451 250
1451 484
1451 2317
1451 304
1451 163
1451 97
1451 1015
1451 488
1451 685
1451 2318
1021 1017
1021 2319
1021 219
2320 349
2321 72
2321 11
2321 2322
1551 2323
1551 240
1551 855
1551 959
1551 243
1551 844
1551 221
1551 152
1551 1222
2324 175
2324 157
2324 169
2324 410
1072 2325
1072 378
1072 794
2326 1130
2327 207
2328 295
410 2085
1775 1706
2329 2330
2331 2332
2331 2333
2209 2334
2209 2335
2209 2336
2209 2337
649 29
2338 2018
122 2339
122 2340
74 436
74 75
74 2252
2341 438
2341 739
2342 18
1390 1017
1390 28
1390 1021
1390 2343
1390 219
1390 1398
1390 18
2344 231
2345 2346
2345 278
2345 351
2347 169
2177 2348
2177 584
2177 2349
2177 643
2350 492
1685 253
1685 360
1685 255
681 484
681 488
2351 122
2351 2352
2351 1219
2353 13
2354 1659
2355 74
1018 1016
1018 775
2034 743
2034 1184
2034 75
2356 208
2357 152
2358 569
2358 379
493 339
1443 1709
1443 29
2359 138
2359 11
2359 1005
2359 452
2360 1233
2133 76
685 1132
685 1970
2361 2362
2361 1419
2361 2363
2361 664
2361 2364
2361 991
2361 1747
2361 2365
2361 2366
2361 1062
2361 818
2361 2367
2361 2180
2361 1999
2361 435
2361 1218
2361 2368
2361 2369
2361 1219
2361 2370
2361 677
2361 985
2361 1509
2361 2371
2361 1787
2361 2052
2361 1044
2361 1806
2361 912
2361 1631
2361 2372
2361 29
2361 152
2361 1732
2361 1656
2373 627
2373 254
2373 2122
2373 115
2373 1251
2373 587
2374 2375
2374 1061
2374 2376
2374 996
2374 500
2374 2377
2374 2378
2379 2380
2379 1222
2381 2382
2383 1275
2384 785
2384 2302
2385 515
2385 225
2385 2386
2385 2387
2388 2389
2390 75
22 138
22 250
22 2391
22 2252
22 1431
22 296
22 704
22 967
2392 409
275 276
2323 188
2323 854
2323 253
2323 625
2323 746
2323 11
2323 1779
2323 55
2323 97
2393 89
2394 1057
2395 1522
2396 547
2397 28
2397 2398
2397 513
2399 1036
2400 29
2401 194
2402 608
2403 470
2403 2404
2405 522
2405 1127
2406 943
200 225
200 156
200 2142
200 349
200 481
200 350
200 175
200 157
200 1970
200 2407
200 962
200 1344
200 989
200 1254
200 434
200 259
200 1102
200 61
2408 132
1974 2409
1974 2410
2411 657
2412 835
2413 1589
2413 219
1790 1136
1790 2414
1919 146
1919 354
1919 273
2415 878
2415 2416
2417 1360
138 1914
138 196
138 1264
138 2418
329 2419
1344 210
1344 855
1456 2420
1803 329
2421 88
2421 2422
2423 18
806 551
2424 2425
2426 2427
57 209
57 210
57 211
57 2428
2429 2430
2431 2432
2433 412
847 727
847 2434
847 47
847 2435
847 2436
847 2437
2438 231
2439 329
29 2440
29 194
29 711
29 2441
29 2442
29 107
29 567
29 673
29 2443
29 682
29 716
29 2444
29 902
29 2445
29 2446
29 1066
29 2447
29 669
29 2448
29 828
29 721
29 2449
29 1566
29 1370
29 536
29 2450
29 1554
1895 1548
2451 125
2452 1895
2452 2453
903 890
2339 773
1054 2454
1054 2455
1054 1130
2456 874
2457 253
2458 754
2459 1553
2459 2460
2459 152
2461 26
2461 1121
2462 150
301 674
301 53
301 551
2463 2464
2436 785
2465 1840
2466 76
2023 221
2467 1919
2468 943
883 352
883 110
2469 2470
2471 219
2472 2473
1595 1175
1595 2
1595 76
1595 2474
2475 152
1058 522
1058 331
1058 169
1058 29
2476 2477
2476 471
2476 1541
814 1738
814 43
814 239
814 47
814 169
2478 295
1341 325
2479 213
2479 547
2480 16
2481 788
2481 1035
2481 657
2481 828
2481 2482
2483 219
2484 2485
940 107
940 196
940 1595
940 1275
940 2181
2486 2189
2486 515
2486 138
2486 1076
738 378
562 683
562 2487
562 1787
562 2488
2489 1873
2489 289
2490 1767
2490 1271
2491 122
2491 513
2491 1698
1173 793
2492 138
657 354
657 55
1030 1583
1030 2493
1030 1787
1030 60
2494 1518
1192 219
495 403
659 97
2495 68
2496 585
2497 2498
290 96
290 198
290 1779
290 169
290 97
253 2499
2500 775
851 599
1533 2453
1533 2501
792 850
2271 2502
2271 2503
2271 1036
2271 2114
2271 1273
2271 2229
2271 2504
2271 2505
2271 2506
2271 2507
2271 2049
2271 915
2271 2508
2271 879
2271 152
2509 2510
40 2511
40 433
414 329
327 2467
2512 2513
1580 721
2514 384
2515 1108
2516 1131
2517 89
2517 748
2517 749
2518 167
2518 344
2519 152
454 1601
454 1156
454 2520
454 2521
454 2522
454 1011
454 1787
2523 2524
1461 624
1461 2525
1461 1017
1461 2526
1461 28
1461 577
1461 1390
1461 454
1461 1553
1461 255
1461 997
1461 214
1461 2527
1461 2528
1461 2293
1461 2529
1461 2509
1461 217
1461 1021
1461 2135
1461 37
1461 2530
1461 1316
1461 2531
1461 219
1461 2017
1461 536
1461 1172
1461 2532
1461 510
1461 967
1017 37
977 617
977 614
2533 1791
2534 2503
2534 2358
2534 2535
2534 2536
2534 1853
2534 2537
2534 76
2534 208
2534 2071
2534 2538
2534 1004
2539 167
2539 175
2539 29
2216 191
2216 1881
2540 1595
2541 2542
2541 579
2541 628
2541 567
2541 2543
2541 2544
2541 1227
2541 886
2541 296
2541 30
2545 329
1039 418
1039 344
1039 2546
2547 2296
2548 194
2548 175
2548 418
2548 97
915 611
915 2549
510 253
510 219
932 1859
491 1319
2550 793
2550 1565
2550 1706
1720 2551
2552 2398
2552 2553
2554 2544
2555 2556
2555 122
2555 485
1108 2557
1393 335
1393 403
1393 2558
2559 964
2560 61
2561 27
2561 2562
2561 1275
2561 11
413 27
413 2520
413 421
413 412
413 184
413 414
413 2076
2563 1267
1266 673
1266 2564
1266 644
1266 536
1266 1040
1514 1339
2565 2566
2567 138
2567 2568
2569 833
2569 559
2569 1254
2569 1808
1675 335
1675 1456
1905 152
2570 27
2570 971
2571 27
2571 1046
2571 11
2571 169
2571 152
2572 492
2572 271
2573 522
2524 76
2574 2575
2574 973
2574 2427
2574 437
2574 1121
2574 1171
2574 1271
2574 2576
2574 599
2577 713
2578 586
296 438
296 1738
296 278
296 277
296 999
296 6
296 221
296 844
296 879
584 515
584 2579
584 341
584 1243
584 20
584 254
2580 88
2581 342
1134 1469
1134 26
1134 1017
1134 219
1134 1082
2582 70
392 2583
392 76
392 551
2584 872
2585 243
2586 27
2586 157
2586 97
2587 89
706 298
706 2234
706 29
2588 220
2588 2589
2590 624
125 1344
2591 122
2591 76
2592 194
2592 773
2592 350
2592 175
2592 157
2593 29
2594 190
2595 487
2595 344
1796 349
1796 61
2596 253
2596 2171
2544 579
2544 887
2544 2597
2544 886
2598 2599
2598 613
639 1963
666 75
449 611
2600 349
2600 1227
2600 1970
2600 20
1918 273
2601 625
2601 2602
2603 551
2604 522
2605 989
2605 2606
2607 2608
1246 434
1246 221
1049 1955
1049 292
1049 2609
2610 89
2611 28
2189 2612
2189 55
2613 280
633 772
2614 791
2615 152
418 194
418 318
418 1564
418 2616
418 721
418 1833
418 879
2617 354
2618 1222
1793 107
1793 255
1755 2619
1755 2620
2166 2621
2166 450
2166 2622
2166 2623
2166 2624
2166 2625
2166 2626
2166 2121
2166 2627
2166 2628
2166 2629
2166 2630
2166 2631
2166 552
2166 2632
2166 2633
140 989
140 1005
140 152
2634 581
2635 167
2635 122
2636 146
2636 2637
2636 475
2636 2638
2636 2639
2636 2640
2636 1906
2636 2599
2636 342
2636 246
2636 587
2636 345
2641 2642
963 1851
963 107
963 315
963 201
963 51
2643 2286
2644 225
1967 2645
2646 2647
2646 2041
2646 2648
2646 962
2646 200
2646 2649
2646 1040
1152 329
1152 169
154 28
154 1299
154 2650
154 771
154 2651
2652 824
2652 175
2652 2653
2652 2654
2655 27
2655 28
2655 157
2655 152
991 2656
991 175
991 157
991 1923
991 150
991 1244
935 1336
935 1071
2657 2514
2658 1277
2659 225
2659 2227
2659 213
2659 2491
2660 767
2661 2662
2661 2663
2661 2664
2661 834
2665 27
2665 225
2665 289
2665 254
2453 441
2666 1320
2667 2668
1223 349
1223 350
1223 175
1223 157
1223 1244
273 1397
273 818
273 793
85 2053
85 1495
85 90
2669 920
425 169
425 152
2670 167
2671 250
2672 146
45 253
2673 1016
2673 335
2673 2674
2675 1528
206 2290
206 2039
206 2060
206 1926
206 879
206 2676
206 2677
206 885
206 2678
206 2679
206 2255
206 2680
206 2681
206 649
206 184
206 931
206 2682
206 205
206 2683
206 2684
206 1222
206 928
206 1732
206 1564
206 552
206 1714
206 659
206 2685
206 664
206 2686
206 2687
206 290
206 169
206 1563
206 674
206 2688
206 2385
206 2323
206 1632
206 2689
206 2690
206 2691
206 1231
206 2207
206 2692
206 801
206 1593
206 573
206 2586
206 2693
206 1028
206 2694
206 2695
206 2344
206 2696
206 1353
206 716
206 2697
206 794
206 874
206 2698
365 513
2699 344
531 331
2700 173
2701 1146
2701 372
2701 2702
2701 670
2703 99
2703 452
2704 167
2704 175
2704 29
2705 206
2705 175
2706 1383
2707 2591
555 2288
2708 2709
331 1601
331 1016
331 2710
331 2711
331 533
331 1549
331 486
331 534
331 535
331 2712
331 2080
331 536
331 2713
1658 329
2714 186
2715 1218
2715 2716
2715 245
2717 2718
2719 778
2720 152
2721 625
2722 522
2722 148
2722 55
2723 553
2724 1548
2076 27
2076 329
1651 14
1651 1891
2725 206
2725 920
2725 329
2115 785
2115 794
2115 344
2726 454
2727 2728
1779 2695
2729 1621
2729 138
2729 383
2234 2730
2234 676
2234 834
2731 2732
2731 2733
2734 425
2734 727
2734 239
2734 855
2734 1513
2734 2201
2734 1040
2735 175
2735 251
2736 408
2737 593
745 883
745 181
745 2684
745 201
745 76
745 169
745 2738
745 2739
2740 2741
2742 2743
1296 1372
208 2744
208 55
208 152
2745 2283
2746 2747
2746 2748
2749 2750
2751 1418
2751 1360
2751 2752
2751 1363
2751 1359
2753 29
2754 383
2755 175
2755 157
2755 97
2756 2757
2756 381
2756 2758
2759 335
2759 28
2759 167
2759 122
2759 319
2759 171
2759 169
2759 2760
2759 1433
2759 339
2759 406
2759 152
2761 585
2762 175
2763 1372
2764 167
2765 29
2766 383
2407 148
2407 55
2454 1016
2454 524
2454 335
2454 24
1351 1068
1351 2616
2767 1017
2768 332
304 2189
304 225
304 290
304 2
304 2526
304 1873
304 789
304 306
304 214
304 1744
304 1918
304 1030
304 342
304 721
304 2769
304 935
304 221
304 2770
304 1948
2771 2772
2771 2773
2774 2
2774 2373
2774 858
2774 2775
2774 587
2776 194
1401 1410
1401 2777
2778 522
2778 515
2778 74
2779 745
2779 617
2779 403
2779 618
2780 194
2780 1621
2780 2781
2780 2782
2780 28
2780 1624
2780 100
2780 175
2780 1789
2780 387
2780 97
2780 2330
2783 2323
2783 1480
2784 175
2784 1240
1216 175
1216 157
1216 11
1216 989
1216 169
2785 29
2638 2312
2638 1277
2638 7
2292 240
2292 443
2786 2787
2786 2446
423 1340
423 152
2788 2470
1010 2789
1010 1750
1010 340
1010 657
1010 2716
1010 163
1010 79
1010 1857
1010 60
288 1035
288 1004
1045 1750
1045 2790
1045 551
1045 599
2791 2646
798 428
798 1930
636 196
636 152
2792 206
2004 175
2793 2794
1111 1742
2795 1408
2132 475
2132 183
2132 339
772 2
772 48
2796 253
1277 605
1277 2566
1277 2797
1277 404
1277 1102
292 138
292 24
292 983
115 244
115 184
115 57
2798 194
2798 11
2799 2280
2799 2281
2799 1395
2799 273
2035 138
2035 2800
2035 221
2035 1076
2801 522
2802 625
2803 225
2803 1642
2803 662
2803 152
2804 61
2712 28
2805 26
2805 839
2806 194
2806 351
2807 839
2808 2809
2808 2514
2808 2810
2808 1471
2808 747
2808 1495
2808 2811
2808 874
2808 232
2808 2812
2813 206
2813 1461
2813 11
2813 150
2814 329
1279 887
1279 76
1279 57
1279 79
1279 152
1002 29
978 425
978 70
978 2815
978 814
978 428
978 1981
978 2816
978 255
978 481
978 1973
978 559
978 2817
978 108
978 11
978 962
978 1522
978 163
978 1344
978 2136
978 200
978 1279
978 2818
978 2819
978 61
978 18
2820 806
10 2821
10 2822
10 1479
10 2823
10 221
2637 616
2637 2824
2637 270
2637 312
2825 772
2826 11
1217 188
1217 213
1217 1415
2178 342
2178 387
2827 1054
294 571
294 1131
294 762
294 793
294 114
2828 2574
569 1016
569 1244
569 2829
569 536
2830 2831
2832 1054
26 2833
26 1156
26 632
26 2834
26 2596
26 1064
26 28
26 1749
26 2835
26 1975
26 2836
26 1806
26 2837
26 2838
26 1059
26 2839
26 1750
26 2840
26 912
26 2841
26 2842
26 2843
26 2844
26 2516
26 2845
26 2846
26 2847
26 2848
26 2849
26 2850
26 1372
26 1947
26 57
26 2851
26 2852
26 1833
26 2853
26 2854
26 1785
26 2855
26 194
26 216
26 2856
2857 2858
2857 379
2859 2035
2409 1398
314 522
314 367
2860 1058
2860 2861
2860 340
2860 2862
2860 2080
2860 541
2860 720
2860 284
2860 2863
251 495
251 725
251 2864
251 785
251 2865
251 682
251 2866
251 2867
251 1130
251 860
251 649
2868 569
2758 2869
2758 2
2758 2569
2758 2870
2758 2871
2758 2872
2758 1927
2758 2873
2758 2098
2758 2315
2758 2874
2758 2875
2758 2053
2758 2876
2758 693
2758 2877
2758 2878
2758 2879
2758 1021
2758 2880
2758 2881
2758 1277
2758 2882
2758 2883
2758 2884
2758 2885
2758 2886
2758 2887
2758 2888
2758 2889
2758 2890
2758 853
2758 2891
2030 743
2030 1964
2892 181
2892 350
2892 1431
2893 29
1890 85
1232 1295
1240 1750
2894 2895
2896 1855
2897 379
2898 2899
2898 2099
2898 2900
2901 163
110 793
156 682
2902 470
2810 2903
2810 2904
981 388
2905 406
230 27
230 175
230 157
230 198
230 169
2858 328
2858 2906
2858 200
2858 2187
2858 670
2858 2907
2543 2574
2543 155
2908 2909
2908 1458
2908 2910
2908 2081
872 2911
872 410
872 753
849 1351
849 2912
2913 877
2913 887
2913 1004
50 278
50 536
2914 24
2914 167
191 493
191 1216
191 788
191 43
191 2915
191 88
191 1300
191 169
191 200
191 772
191 77
191 232
2916 1398
2917 625
53 732
53 1526
2918 175
2918 2919
2918 407
2920 473
2921 2656
2922 1232
79 436
79 1939
79 721
79 1326
2923 169
2924 1273
2925 175
1185 384
429 2312
429 1080
429 665
429 163
429 2926
429 1076
429 2927
791 2928
791 447
791 1039
791 163
791 1658
791 1344
785 438
785 2929
2930 2931
2932 436
2932 138
2932 157
2932 152
579 887
579 886
579 1707
1289 2018
2933 2020
2789 2934
2935 406
983 918
2910 28
2936 2534
2937 2938
2937 818
2937 273
1556 1351
1556 2939
2940 1706
2941 492
1564 1779
2942 1250
2942 2321
117 625
600 793
2943 24
2944 27
2944 412
2944 2716
2944 2945
2944 414
2944 600
2944 2697
2944 2076
2944 152
2531 329
2946 2947
2948 1277
2949 273
2950 1017
2951 169
2952 748
2952 874
2953 1237
4 536
2954 169
2954 219
2955 157
1681 29
1156 2053
1156 1924
1156 721
2956 492
2957 152
2958 383
2959 1339
2959 1004
2960 608
2961 255
2961 383
2962 1589
2963 566
2964 2965
2966 2967
2968 429
2969 2830
1622 28
1622 569
1622 1243
1622 152
500 28
500 1791
2970 1029
2970 1851
2971 1873
2971 1117
2971 148
2971 2509
2971 2972
2971 245
2971 1125
168 637
2973 1016
311 608
2974 29
2975 370
2975 28
2976 2218
2976 2466
2977 964
2977 152
2977 29
2978 6
63 335
2071 354
2071 338
2071 554
2979 30
2980 1016
2981 96
2981 1275
2981 219
2982 219
1750 194
1750 754
1750 1239
1750 593
1750 600
1750 164
1750 704
2983 26
2984 45
2985 2986
2985 2017
2985 2987
628 352
628 255
628 1254
628 97
628 61
345 2988
345 676
345 1004
2624 405
2624 772
2989 2990
2989 2407
2989 20
2989 1696
2991 624
2992 2993
2994 2995
2996 26
2996 167
2996 410
2997 2343
2998 10
2998 219
2999 329
3000 278
3001 2102
3001 899
3001 2022
3001 1458
3001 255
3001 1551
3001 201
3001 343
3001 2819
3002 3003
3004 1553
566 567
566 3005
1250 29
3006 673
3006 169
3007 3008
3009 107
3010 169
1218 349
1218 350
1218 175
1218 157
1218 200
1218 29
3011 231
2371 1706
826 3012
826 1436
826 122
826 175
826 1254
826 296
3013 2933
3014 354
3015 1099
3015 3016
3017 3018
3019 1420
3019 1227
3019 485
3020 3021
252 2666
1035 1723
1035 301
1035 3022
1035 2018
1035 2225
3023 3024
3023 142
3023 213
3023 175
3025 55
3026 3027
3026 3028
3029 35
2225 3030
1513 872
1513 3031
1513 2444
1513 1717
1513 560
1513 2494
1513 3032
1513 376
1513 21
3033 156
3033 454
3033 1082
3033 1214
2589 144
3034 2534
3035 181
3035 3036
3037 3038
3037 3039
3037 788
3037 22
3037 3040
3037 3041
3037 3042
3037 3043
3037 232
3037 377
3044 29
1496 1222
1496 3045
3046 284
727 2542
727 814
727 88
727 1563
727 3047
727 3048
727 1295
727 774
3049 219
3050 329
1450 3051
1450 181
1450 3052
1450 1483
1450 3053
3054 1401
3054 2823
3055 24
3056 1880
3057 3058
3057 1393
3059 27
1239 194
1239 725
1239 138
1239 1495
1239 1394
1239 1946
1239 3060
1239 1344
3061 1125
3062 608
3062 1016
405 713
3063 14
3064 29
3065 872
3065 3066
2566 793
3067 142
3068 26
1431 107
1431 329
1431 2717
2322 3069
3070 298
96 2689
3022 1080
3071 581
3072 608
3072 925
3073 818
3073 273
3074 788
3074 1744
3074 492
3074 55
3074 366
3074 1693
2903 1499
2903 793
3075 3076
2628 1239
2628 167
2628 2198
2628 304
2628 163
2628 3077
2628 2110
2628 29
586 583
586 721
586 77
586 312
3078 142
2346 278
2346 3079
485 1565
3080 24
3081 3082
3082 3083
3082 3084
3085 504
3085 55
3086 475
3087 624
2067 967
3088 748
823 1597
3089 10
3090 931
3090 2903
3090 110
3090 339
3090 94
3090 18
3091 625
350 1059
298 3092
298 683
694 3093
694 3094
1553 485
1553 1344
299 2
299 3095
299 2270
299 3096
299 1966
299 3097
299 2596
299 3098
299 735
299 3099
3100 793
3101 24
672 350
3102 175
322 2253
322 2994
3103 624
3104 1254
1147 3105
1147 240
1147 785
1147 585
1147 3106
1147 835
1147 586
1147 260
2171 1304
956 3107
956 3108
956 3109
3110 344
3110 1433
3110 971
443 439
443 440
443 441
3111 2147
1435 225
1435 181
1435 76
1435 2252
3112 624
3113 1154
3113 150
3114 1422
3115 848
3115 2613
3116 11
3117 3118
3119 3120
3119 1504
3121 322
3121 1742
1148 1713
699 608
699 725
699 329
699 1254
699 410
3122 2771
393 138
3123 1066
3123 879
3124 175
3125 2323
3125 728
3125 854
3125 625
3126 540
3127 3128
3127 194
3127 617
3127 614
3127 166
3127 3129
3127 1594
3127 3130
3127 2848
3127 171
3127 2835
3127 954
1883 253
1883 11
1883 342
1883 3054
3131 404
3132 235
3132 878
1624 425
1624 3133
1624 664
1624 43
1624 156
1624 240
1624 213
1624 2735
1624 1805
1624 197
1624 2022
1624 2798
1624 3001
1624 230
1624 959
1624 3134
1624 201
1624 560
1624 1354
1624 978
1624 1545
1624 169
1624 1352
1624 60
1624 152
1624 3023
3135 2195
3136 296
3137 1766
3138 3139
624 919
624 928
624 725
624 3140
624 1064
624 1767
624 2414
624 3141
624 2669
624 2096
624 97
624 691
624 510
3142 728
1242 3143
1242 3144
1242 694
1242 449
1242 735
1242 1962
1242 915
1242 3145
1242 2697
1242 1552
3146 3147
3146 2869
3146 595
3148 3149
3148 3150
3148 206
3148 566
3148 1080
3148 335
3148 3113
3148 1480
3148 1153
3148 835
3148 150
3148 276
1844 489
2378 28
3151 3152
3151 169
2313 1503
3153 1077
627 3154
627 3155
1057 3156
1057 1004
1057 3157
704 751
704 1073
3158 3123
1420 3159
1420 340
1420 3160
1420 633
1420 1039
1420 76
1420 1559
1420 674
1420 2641
1420 3161
1420 2096
1420 169
1420 2039
1420 1566
1420 79
1420 1730
1420 60
1420 1700
1420 3162
1420 670
1420 2450
1420 1756
1420 2927
1420 1656
3163 344
1809 1939
157 3164
157 628
157 630
157 2045
157 636
157 3165
157 1677
157 448
157 2076
157 3166
157 2433
157 2589
157 2454
157 644
157 150
157 1806
157 2204
157 1768
157 1564
157 3167
157 3168
157 3169
157 3170
157 1569
157 1059
157 2372
157 659
157 1656
157 664
157 255
157 169
157 1566
157 77
157 3171
157 672
157 3172
157 674
157 3173
157 682
157 681
157 684
157 688
157 690
157 695
157 699
157 947
157 996
157 985
157 3174
157 793
157 704
157 703
157 3175
157 3176
157 152
157 1400
157 1796
157 1545
157 318
157 410
157 712
157 3177
157 2603
157 27
157 2475
157 3178
157 3107
157 720
157 721
157 3179
157 329
157 723
157 1782
157 725
157 3180
3181 194
2343 1394
1394 3182
1394 18
2812 175
2812 3183
3184 3185
3184 301
3184 673
3184 794
3184 11
3186 181
3187 169
2760 72
2760 403
2760 2790
2760 2912
2760 3188
3108 488
2037 566
2037 1196
2037 1970
2037 3189
436 1688
436 2252
2816 2177
2816 634
2816 54
3190 1029
3190 219
1183 579
1183 887
1183 799
3191 3192
3193 2210
3193 2
3193 698
3193 1397
3193 307
3193 545
3193 3194
3193 3195
3193 11
3193 526
3193 881
3193 292
3193 3196
3193 1222
3193 3197
3198 1548
1041 16
1041 3199
3200 964
3200 157
3152 1431
150 883
150 725
150 211
150 567
150 3201
150 996
150 640
150 3202
150 674
150 1946
150 1344
150 3203
150 688
150 3204
150 3205
150 1076
3206 2420
1455 352
1455 2443
1455 410
1455 29
2237 775
2237 198
1336 3207
54 2041
54 1495
54 3208
3209 2404
3209 3210
3211 1016
3211 1351
3211 488
677 751
3212 198
3213 240
3213 1147
3213 3214
3213 3069
3213 2452
3213 443
3213 800
3215 206
2733 1066
2733 536
3216 1066
1776 1017
3217 2424
3218 2969
61 27
61 699
61 1563
61 169
61 1271
61 152
1645 2861
1645 1638
1645 1407
1645 3219
1645 344
1645 57
1645 3220
1626 799
3221 3222
3223 1845
3223 3224
3223 1649
3223 687
3223 221
181 60
318 194
721 3225
721 485
721 69
721 97
721 2450
3226 329
3227 1549
3227 11
3227 1526
3227 20
3227 69
3227 219
3227 956
1088 3228
3229 3230
3229 3231
3229 3232
725 329
725 410
2091 194
3233 1277
3234 915
2775 587
3235 3236
400 1469
400 331
400 1017
400 28
400 1328
400 569
400 1083
400 1299
400 2553
400 3237
400 4
400 3238
400 3239
400 2053
400 3240
400 338
400 3241
400 778
400 771
400 1252
400 492
400 1015
400 3242
400 1244
400 3243
400 2728
400 2651
400 1900
400 3244
400 2602
400 1538
2927 196
2927 339
2927 29
3245 745
3245 255
3245 173
3245 1970
3245 848
163 2
163 789
163 2270
163 1334
163 214
163 3246
163 902
163 3247
163 1565
163 674
163 720
163 1857
163 407
3248 3249
3248 3250
3248 3251
3248 1568
746 1563
1794 3252
2056 1410
2056 1724
2056 1158
2056 1250
2056 21
2056 3253
2056 1271
2056 3254
2056 3255
2056 3256
1430 1836
1430 1840
1430 96
1430 513
3257 329
3257 409
3258 122
3259 1436
3260 1461
3261 251
3262 329
3263 2341
1102 234
1102 644
1102 721
1102 164
