4156 6571
0 1
2 3
4 5
4 6
7 8
9 10
11 12
13 14
15 16
17 18
17 19
20 21
22 8
22 23
24 25
24 26
27 28
29 30
29 31
32 23
33 34
35 34
36 14
37 14
38 39
40 41
42 34
43 44
45 46
47 48
49 50
49 51
52 34
52 53
54 55
56 21
57 58
59 8
60 61
62 63
62 64
62 65
66 67
66 34
66 68
66 69
70 14
70 71
72 23
73 46
74 34
75 14
75 71
76 77
76 78
76 79
80 81
80 77
80 82
80 83
80 84
80 78
80 76
80 79
80 85
80 86
87 14
87 71
88 8
89 90
91 92
91 93
94 14
94 71
95 8
96 53
96 23
97 23
98 14
98 71
99 100
99 101
102 5
103 53
104 105
106 107
106 108
109 14
109 23
109 110
111 112
111 113
114 115
114 116
114 117
114 34
114 118
114 119
114 120
114 121
122 14
122 71
123 8
124 14
124 71
125 126
125 127
125 128
125 129
125 130
131 132
131 53
133 14
134 135
136 34
137 138
137 139
137 34
137 53
137 140
137 141
137 142
143 144
143 145
146 147
148 149
150 34
151 152
153 154
153 155
156 157
158 34
159 8
160 161
162 163
164 58
165 46
166 71
167 168
167 169
170 171
172 71
173 174
175 8
176 177
178 149
178 177
179 180
181 23
182 3
183 184
183 185
186 187
188 53
188 189
190 191
190 192
193 46
194 174
195 46
196 71
197 23
198 3
199 53
200 14
200 71
201 34
202 203
202 204
205 3
205 23
206 8
207 46
208 209
208 210
211 212
213 46
214 46
215 34
216 34
216 157
217 3
218 219
218 220
218 221
222 223
224 225
187 226
187 227
187 228
187 229
230 8
231 14
231 232
231 34
231 53
231 110
233 23
234 139
234 53
234 235
236 237
238 239
240 71
241 242
241 243
241 53
244 23
245 14
245 71
246 34
247 5
248 249
248 14
248 53
248 71
250 14
250 139
250 251
250 23
250 71
252 34
253 254
253 255
256 34
257 258
259 260
261 262
263 264
249 265
249 266
249 267
249 268
249 22
249 269
249 270
249 271
249 272
249 273
249 274
249 275
249 114
249 276
249 277
249 278
249 279
249 280
249 281
249 282
249 283
249 284
249 285
249 286
249 287
249 288
249 289
249 290
249 291
249 292
249 293
249 294
249 295
249 296
249 297
249 298
249 299
249 300
249 301
249 302
249 303
249 304
249 305
249 306
249 307
249 308
249 309
249 310
249 311
249 312
249 313
249 314
249 315
249 316
249 317
249 318
249 319
249 320
249 321
249 322
249 323
249 324
249 325
249 326
249 327
249 328
249 329
249 330
249 331
249 332
249 333
249 334
249 335
249 336
249 337
249 166
249 338
249 339
249 340
249 341
249 232
249 342
249 343
249 344
249 345
249 346
249 347
249 348
249 349
249 350
249 351
249 352
249 353
249 354
249 355
249 356
249 357
249 358
249 359
249 360
249 361
249 362
249 363
249 364
249 365
249 366
249 367
249 368
249 369
249 370
249 371
249 372
249 373
249 374
249 375
249 376
249 377
249 378
249 379
249 380
249 381
249 382
249 383
249 384
249 385
249 386
249 387
249 388
249 389
249 390
249 391
249 392
249 393
249 394
249 395
249 396
249 397
249 398
249 399
249 400
249 401
249 402
249 243
249 403
249 404
249 405
249 406
249 407
249 408
249 409
249 410
249 411
249 412
249 413
249 414
249 415
249 416
249 417
249 418
249 419
249 420
249 421
249 422
249 423
249 424
249 425
249 426
249 427
249 428
429 8
430 431
432 264
433 34
434 34
434 435
434 436
434 437
438 34
438 439
440 441
440 442
440 443
440 444
440 34
440 53
440 445
440 446
447 5
448 449
448 450
448 110
448 451
452 5
453 454
453 455
453 456
453 34
453 5
453 457
458 459
458 460
461 462
461 463
461 464
461 465
461 466
108 467
108 468
108 469
108 470
108 471
108 209
108 34
108 472
108 473
108 474
108 475
108 476
108 477
478 479
480 481
480 482
480 483
480 484
480 485
480 486
480 221
487 488
489 490
491 492
493 53
494 490
495 23
495 496
497 492
498 5
499 490
499 500
499 501
499 457
502 14
502 71
503 504
505 506
507 468
507 508
507 509
507 510
507 511
507 512
507 435
507 513
507 514
507 515
516 517
516 518
516 519
516 520
516 486
516 264
521 232
522 23
523 23
524 23
525 23
526 500
526 501
526 457
527 528
527 399
527 34
529 34
530 531
532 232
532 34
532 53
532 533
534 8
535 536
537 313
537 538
537 539
540 541
542 14
543 23
544 545
544 546
547 538
547 539
548 14
548 34
548 71
549 34
550 551
552 157
553 23
554 555
556 557
556 558
559 554
560 23
561 23
562 34
563 564
563 565
563 436
566 67
566 26
567 23
568 34
569 34
570 171
571 572
573 574
575 435
575 436
575 554
576 577
578 8
579 23
579 71
580 468
580 581
580 582
580 583
584 34
360 71
174 585
586 8
586 3
586 71
587 149
587 177
588 53
589 34
590 8
591 592
591 593
594 8
595 34
596 597
596 598
599 3
600 374
600 601
602 71
603 71
604 14
604 71
605 34
606 34
607 508
607 608
609 610
611 8
612 23
374 371
374 613
374 223
374 614
374 615
374 616
374 141
617 34
618 53
619 620
621 574
622 525
623 5
624 625
367 34
626 3
442 467
442 627
442 628
442 443
442 629
442 444
442 34
442 630
442 631
442 632
442 633
442 445
442 533
442 634
442 635
636 8
637 23
638 639
638 640
638 641
638 34
638 642
643 563
643 116
643 436
643 644
645 5
646 3
647 648
647 649
647 650
647 651
652 653
652 654
655 14
655 71
656 23
273 14
273 34
273 23
273 71
333 34
333 53
657 14
657 3
658 311
658 659
658 359
658 147
658 660
661 662
661 663
664 473
665 34
666 34
235 597
235 34
235 53
235 580
667 8
667 668
667 71
78 71
669 14
669 71
670 671
670 672
673 34
673 53
674 675
676 677
678 6
679 34
117 459
117 34
485 459
485 484
485 221
680 681
680 242
682 53
303 8
303 53
683 684
685 686
685 34
685 541
687 688
689 690
689 691
689 34
689 692
689 53
689 404
191 535
191 693
694 46
695 53
382 23
696 23
697 46
698 699
698 664
698 700
698 701
698 702
698 703
698 704
698 705
698 706
698 707
698 232
698 708
698 132
698 34
698 709
698 485
698 710
698 23
698 711
698 473
698 110
698 712
698 713
381 14
714 715
716 53
716 717
716 388
716 718
313 8
313 719
313 720
313 232
313 34
313 53
313 721
313 722
313 723
313 724
313 725
726 727
726 728
726 729
726 34
726 730
731 46
732 46
733 14
733 34
733 23
733 71
265 53
734 677
734 735
736 46
737 738
737 442
737 739
737 518
737 740
737 55
737 1
737 741
737 264
737 742
737 743
744 14
745 46
745 149
745 177
746 34
747 748
747 749
747 473
750 34
751 53
751 71
752 8
753 754
755 34
755 53
756 34
757 14
757 71
758 232
758 53
759 760
761 762
763 34
184 3
764 14
765 8
766 23
767 23
768 34
769 23
770 771
772 34
773 14
773 34
773 3
773 71
774 775
105 533
776 14
776 71
777 778
92 735
92 174
779 780
779 14
779 71
781 775
782 46
783 177
784 5
784 775
785 8
786 34
787 14
787 71
788 789
790 5
791 792
457 793
654 161
654 34
794 180
795 34
223 399
223 796
223 297
223 34
223 797
223 798
223 799
800 177
801 46
802 34
803 14
803 71
804 580
805 46
806 807
808 14
809 580
810 14
810 3
810 53
810 23
810 71
811 812
811 157
811 813
814 23
815 34
816 527
817 818
819 820
819 533
821 822
823 232
824 8
824 53
825 34
825 53
826 827
260 828
260 829
260 501
260 457
830 831
830 832
833 157
834 835
836 467
836 468
836 471
836 220
836 34
836 837
836 838
836 839
840 718
841 23
842 34
843 844
843 845
843 846
385 396
385 613
385 371
385 297
385 847
385 848
385 34
385 132
385 849
385 53
385 374
385 850
385 797
385 851
385 174
852 53
853 8
854 855
854 856
849 371
849 829
849 857
849 858
849 859
849 860
849 861
849 34
849 862
849 53
849 863
849 864
849 865
849 866
849 374
849 457
849 867
849 798
868 869
868 870
871 157
872 14
872 23
873 322
873 874
873 53
873 688
873 875
876 877
392 459
392 14
392 232
392 34
392 3
392 53
392 71
878 3
879 442
879 533
880 14
880 71
881 14
881 232
881 53
881 71
882 883
882 884
885 34
885 53
886 776
887 14
888 149
889 8
890 649
890 891
890 892
838 467
838 34
838 776
893 34
893 894
895 34
896 34
896 3
896 53
896 71
896 533
896 897
898 14
899 8
899 34
899 71
900 34
900 53
900 110
901 902
901 903
901 904
901 905
901 443
901 906
901 907
901 598
901 541
901 908
901 909
721 23
910 92
911 371
911 912
911 92
911 374
277 14
277 71
277 913
914 34
914 915
914 916
917 918
919 459
919 920
919 53
919 921
919 922
919 777
919 923
924 34
711 34
925 926
927 886
928 232
928 53
928 110
929 930
931 34
931 3
932 34
933 34
934 46
935 34
936 61
937 938
939 940
941 8
942 177
943 232
943 53
383 23
944 14
944 71
945 232
946 365
947 232
947 948
949 232
949 53
950 8
951 23
952 953
952 954
955 956
955 388
557 112
557 957
958 793
958 260
958 499
958 526
708 34
959 23
960 836
961 3
962 5
963 174
964 34
965 677
966 253
966 34
967 53
967 23
968 14
968 71
969 177
970 971
972 34
973 365
974 14
975 976
975 977
978 462
978 979
980 981
982 983
984 985
986 232
778 112
987 988
987 53
987 23
987 71
989 990
991 8
992 3
209 993
209 994
209 253
209 260
209 460
209 3
209 845
209 995
209 996
209 997
998 149
999 8
1000 23
1000 71
1001 1002
1003 149
1004 177
1005 993
1005 254
1006 8
1006 450
1006 34
1007 110
1008 14
1008 71
1009 450
1009 1010
1009 34
1009 53
1009 23
1011 8
1011 110
699 271
699 441
699 284
699 701
699 1012
699 34
699 53
699 710
699 1013
1014 831
1014 1015
1014 1016
1014 835
1014 585
1017 14
1018 23
1019 3
1020 8
1020 14
1020 3
1021 260
1022 1023
1022 450
1022 806
1022 34
1022 53
1022 867
1024 14
1024 71
14 1025
14 1026
14 1027
14 602
14 1028
14 1029
14 1030
14 1031
14 1032
14 1033
14 1034
14 436
14 1035
14 1036
14 1037
14 603
14 1038
14 1039
14 1040
14 653
14 1041
14 1042
14 1043
14 1044
14 1045
14 1046
14 1047
14 1048
14 1049
14 1050
14 166
14 1051
14 172
14 1052
14 1053
14 1054
14 1055
14 1056
14 1057
14 354
14 1058
14 1059
14 1060
14 1061
14 361
14 1062
14 1063
14 1064
14 1065
14 1066
14 196
14 1067
14 1068
14 71
14 1069
14 1070
14 1071
14 1072
14 1073
14 1074
14 1075
14 1076
14 1077
14 1078
14 1079
14 1080
14 1081
1082 8
1083 34
1084 1085
1084 1086
1087 533
1087 990
1088 1089
1090 8
1091 34
1092 34
1093 34
1094 14
1094 71
1095 1096
1097 1098
1097 1099
1097 1100
1097 1101
1097 1102
1103 46
1104 34
1105 34
1106 1107
1106 1108
1106 435
1106 1109
1106 585
1110 14
1110 71
1111 23
1112 1113
369 14
369 34
369 3
1114 23
1115 46
1116 46
1117 1118
1117 189
1117 984
1117 954
1119 34
1120 34
262 735
262 92
262 859
262 1121
262 1122
262 34
262 650
1123 34
1124 34
844 1125
844 1126
844 26
844 1127
844 1128
1129 1130
1131 34
1132 34
1133 53
1134 46
1135 171
1136 1137
1138 34
1139 46
1140 3
1141 1142
1143 34
1144 177
1145 1146
1145 1147
1148 1149
1148 1150
1148 1151
1152 14
1153 8
1154 46
1012 271
1012 441
1012 14
1012 34
1012 1155
1012 1156
1012 1039
904 1157
904 1158
1159 71
1160 1161
1162 177
1163 34
1164 1126
1165 14
1165 3
1165 71
1166 455
1167 23
1028 71
1168 8
1169 23
1170 14
1171 14
1171 23
1172 34
139 976
139 471
139 848
139 1173
139 53
139 769
139 374
139 1174
1175 34
1176 1177
1178 34
1179 14
1179 71
1180 34
1181 3
1182 14
1182 71
1183 1184
1185 1186
1187 5
1187 1188
1189 14
1189 34
1189 71
1190 1191
1192 440
1192 1193
1192 1194
1192 452
500 793
500 260
1195 53
977 71
977 1196
1197 34
1198 177
1199 1200
1201 8
1202 67
1202 66
1203 1204
1205 34
1206 53
1207 34
1208 1209
1210 1211
1210 34
1210 53
1210 118
1210 688
1212 242
1213 8
267 23
1214 1215
1214 3
1214 1191
1214 533
1216 23
858 931
858 1217
858 223
858 1218
858 1219
858 1220
858 797
858 600
858 1221
1222 1223
1222 1224
976 1225
1226 1227
1228 34
1229 14
1229 71
46 1230
46 1231
46 1232
46 1233
46 1234
46 1235
46 1236
46 1237
46 1238
46 1239
46 34
46 1240
46 1241
46 1242
46 1243
46 1244
46 1245
46 1246
46 1247
46 1248
46 1249
46 1250
46 1251
46 1252
46 1253
46 1254
46 1255
46 1256
46 1257
46 1258
46 1259
46 1260
46 1261
46 1262
46 1263
46 1264
46 1265
46 1266
46 1267
46 1268
46 1269
46 1270
46 1271
46 1272
46 1273
46 1274
46 1275
46 1276
46 1277
46 1278
46 1279
46 1280
46 1281
46 1282
46 1283
46 1284
46 1285
1286 34
1287 14
1288 954
1289 1290
1289 1291
1289 1292
1289 852
1293 1294
1295 46
1296 46
1297 34
1298 468
1298 471
1299 46
512 1300
512 232
512 34
512 53
512 1301
512 110
1302 8
1303 381
1304 34
1305 34
1306 533
1307 14
1063 71
1308 23
1309 34
1310 1311
1312 1313
1314 3
1315 926
1315 14
1315 71
639 715
1316 177
574 1317
1318 34
1319 14
1319 34
1319 71
1320 8
1320 34
1320 53
1320 110
1321 1322
1321 1323
1324 1325
1324 1326
1324 1327
1328 8
1329 34
1330 3
1331 1332
1333 14
1334 14
1335 53
1336 3
1337 8
1337 1338
1337 601
1339 34
1340 34
1341 5
1342 14
1342 34
1342 3
1342 23
1343 1344
1345 34
1346 34
1347 821
138 396
138 297
138 848
138 132
138 374
1348 260
1349 14
1350 677
1351 46
1352 34
1353 34
1354 34
443 399
443 54
443 441
1355 1356
1357 34
1358 468
1358 1359
1358 34
1360 14
1360 71
1361 34
1362 1363
1362 34
1362 53
1364 1147
1365 1366
1365 1367
1368 34
1369 14
1370 46
1371 14
1371 71
1371 1013
1372 34
242 1373
242 442
242 740
242 243
242 1374
242 1375
242 1376
1377 23
1378 34
1379 110
649 859
1380 34
1381 8
1381 1382
1381 152
1173 1383
1173 1384
1385 1386
1387 1388
1389 8
1389 14
1390 1391
1392 1393
875 827
875 1394
875 1395
1396 8
1397 1398
1399 23
1400 1401
1400 14
1400 460
1400 53
1400 1402
1403 14
1403 53
1404 1405
142 1406
1407 1324
291 14
1408 1409
1408 1410
1408 1411
1412 135
1413 3
1414 1415
1416 1417
1418 14
1418 71
1419 702
1419 149
1420 467
1420 180
1420 978
1420 1421
1420 1422
1420 34
1420 53
1420 466
1420 1423
1420 1424
1425 23
1426 1427
1428 8
926 1421
926 1429
926 34
926 1430
926 174
1431 23
1432 5
1433 14
454 1147
1434 242
1434 34
1435 1427
1436 71
1437 149
1438 46
1439 1427
1440 110
320 14
320 34
320 53
320 1441
320 913
1442 1366
1443 232
1443 53
1444 1445
1446 34
1447 108
1448 650
1449 67
1450 112
1450 1226
1450 1177
1451 34
1451 1452
1453 232
1453 23
1454 34
1455 459
1455 107
1455 806
1455 53
1456 34
1457 14
1457 71
1458 1459
1460 46
1460 149
1460 177
518 635
1461 874
1461 285
1462 46
1463 1
1464 1126
1464 1465
1464 1466
1467 971
1468 34
1469 34
1470 240
307 157
58 1471
1472 720
1472 1473
1474 14
1475 14
1476 14
1476 71
1477 23
1478 1479
1478 34
1478 1480
1481 1482
1483 1484
1483 930
1483 112
1485 34
1486 34
1487 1392
1488 14
1488 71
1489 23
1490 14
1490 3
1490 23
1491 34
1492 34
1493 806
1494 34
180 1495
180 1496
180 1497
180 1498
180 1499
180 1500
1150 1501
1502 8
1503 23
1504 46
1505 3
1506 53
1506 1507
1506 157
1508 34
1508 1509
1155 441
1510 218
1510 34
1510 1509
1510 71
1510 221
1511 686
1511 1512
1513 597
1513 1514
1513 1515
1513 906
1513 321
1513 698
1513 1516
1513 1517
1513 1214
1518 260
1519 46
1520 1521
1522 25
1522 1126
1522 26
1523 23
1524 1525
1524 1526
1524 1039
1524 1527
1528 14
1528 3
1528 71
1529 1530
1529 557
1529 1324
1529 14
921 778
1531 14
1531 71
355 8
355 34
1532 459
1533 8
1533 34
1534 8
1535 1536
1537 14
1537 71
1538 1539
1540 490
1540 5
1540 1541
1542 1010
1543 1220
1543 1526
1544 597
1545 1546
1547 14
1547 34
1547 3
1547 53
270 14
270 3
270 71
1548 34
1549 637
1549 1550
1549 1551
1552 1553
1554 23
1555 1556
1555 1557
1555 1558
1555 835
1559 34
1559 53
1559 897
1560 232
1561 8
1562 8
1563 1564
1565 1566
1567 459
1567 34
1567 110
1568 3
1569 34
1570 232
1570 3
1571 1147
1572 3
1573 5
1574 14
1574 71
1575 53
1576 1577
1576 459
1576 1578
1576 1579
1576 14
1576 34
1576 1580
1576 3
1576 53
1576 580
1576 374
1576 1581
1576 1582
1576 71
1576 514
1583 135
1146 239
1584 34
1585 239
1586 1587
1588 1589
1401 14
1401 71
1401 1402
1590 14
1590 71
1591 232
1188 1592
1593 34
1186 14
1186 488
1186 71
1594 23
1595 459
1595 504
1595 14
1596 1046
1596 23
1597 14
1597 71
1598 1599
641 1374
1600 8
1601 23
1602 34
1603 912
1603 1604
1603 34
1605 46
1606 1607
1606 3
1608 741
1609 174
1610 8
1611 811
1612 14
1612 71
883 8
883 242
883 34
883 53
883 630
1613 855
1613 856
1614 8
1615 14
1616 149
1617 23
1618 34
1619 3
1620 71
1621 1622
1623 34
1624 34
1625 609
1625 1626
1625 1627
1628 157
1629 23
1630 597
1631 1632
1633 14
1633 3
1634 23
1635 23
1636 1580
1637 1638
1639 8
1640 1641
1642 1643
994 3
994 1644
994 839
728 90
728 729
728 14
728 53
728 71
1530 1645
1530 34
1427 34
1646 3
1647 92
1647 614
1647 865
298 8
298 34
298 53
1648 444
1648 34
1648 118
1648 647
1648 1158
1649 14
1649 34
1649 3
1551 632
1650 634
1651 8
1651 34
1652 34
1653 34
1653 845
1654 797
1654 1655
1656 1657
1656 1658
1659 14
1659 71
318 14
318 71
1660 23
404 597
404 1661
404 34
404 53
1662 8
1662 467
1662 648
1662 92
1662 34
1662 169
1662 1663
1662 93
1662 1664
1662 1665
1662 262
1662 651
1666 14
1666 71
662 225
1667 34
614 297
1668 1669
1668 544
1670 1671
1670 1530
1670 1672
1670 1645
1670 34
663 225
1673 46
1674 34
1675 34
1675 585
391 1676
391 271
391 53
1677 8
1678 46
1679 46
1680 1122
1681 1682
1681 827
1683 1684
1685 1225
1685 185
1686 71
1687 46
1688 34
1688 53
1689 3
1690 34
1691 1627
1691 1692
386 14
386 71
1693 14
1693 3
1693 53
1694 14
1694 71
1695 8
1696 8
1697 53
1698 23
1699 34
1700 34
1700 25
1700 1126
1700 26
1701 14
1701 34
1701 3
1701 23
264 1702
264 441
264 54
264 754
1703 14
1704 23
1705 34
1706 1707
1706 23
1706 1708
1709 3
1710 987
1711 14
1711 71
1712 149
1713 34
1714 14
1714 23
239 867
239 533
1715 14
1716 61
1717 1161
1718 135
1719 23
1720 1721
1722 8
1723 34
1723 3
221 1724
221 23
1725 40
1725 1726
1725 818
1525 14
1525 71
169 735
169 92
169 1727
1728 910
1728 322
1728 1729
1730 3
1731 3
1732 14
1732 71
1733 23
1734 1735
1411 1126
1411 26
1736 3
1736 53
1737 46
1738 506
1739 23
1740 23
1514 1215
1741 3
1742 23
1743 71
1744 46
1745 171
1746 1747
1748 34
874 1211
1749 1324
1750 149
1751 46
1752 34
1753 459
1753 14
1753 232
1753 53
1753 71
1754 262
1755 149
1756 831
845 1057
845 1757
845 1758
845 34
845 602
845 1759
1760 1761
1760 34
1760 730
1760 1762
1760 473
1760 514
1760 221
1760 595
1760 1552
1763 1764
1763 535
1763 1765
1766 1767
1768 574
1769 533
1770 34
1770 981
1770 23
1770 110
1771 14
1771 53
1771 23
1772 23
1773 14
1773 232
1773 23
1774 574
1775 34
380 34
380 53
380 838
1776 1777
1776 1778
1776 1779
1776 1780
1776 1781
1782 3
314 14
314 232
314 71
1783 34
1784 1785
1781 1777
1781 1786
1781 1778
1781 1779
1781 1780
1125 1787
1125 1788
1125 1789
1790 23
1791 34
1792 14
1793 23
1794 23
1795 34
1796 34
1796 53
1797 1553
1797 1760
1797 1798
1797 1799
1797 14
1797 1800
1797 538
1797 1552
1801 1802
1803 14
1803 53
1803 71
1804 1805
1806 1807
1806 1808
1806 1809
1806 1810
1806 1811
1806 1812
1806 1813
1814 1815
1814 1816
1814 1817
1814 1818
1814 1819
1820 34
1821 1822
1823 34
1824 1470
1825 459
1825 180
1825 223
1825 5
1826 8
1827 23
1828 105
1829 1126
287 14
1830 53
1831 53
1832 1833
1832 1834
1835 8
1836 14
1836 34
1836 580
1836 23
1837 443
1837 14
1837 34
1837 53
1837 23
1838 1839
1840 163
1841 46
337 34
337 53
337 23
1842 53
1509 1843
1509 219
1509 1844
1509 1845
1509 1846
1509 1847
1509 1848
1509 1849
1509 1850
1509 1851
1509 1852
1509 451
1853 14
1853 71
1848 232
1848 53
1854 23
1855 189
1856 8
1856 1857
1856 720
1856 1858
1856 34
1856 53
1859 34
1859 53
1859 473
1860 34
1860 285
1861 232
1862 5
1816 1817
1863 1864
1863 554
1863 846
1865 14
1866 1625
1866 34
1867 14
1867 34
1867 3
1867 71
628 740
1868 46
1869 34
1870 34
1871 14
1871 34
1109 435
1109 1872
629 740
1873 121
1644 1874
1875 438
1875 452
1875 1876
704 1877
704 1878
704 34
1879 1880
1881 14
1881 3
1881 71
1882 34
1883 1884
1883 34
1883 1147
1876 1885
1876 1497
1876 1886
1887 1888
1889 1890
1889 14
1889 53
1889 1400
1889 1402
1891 1692
1892 1661
1893 1894
1895 34
1895 580
1895 23
1896 14
1896 34
1896 3
1897 34
1898 8
1899 337
1899 1900
1901 574
1902 14
1902 34
1902 23
1903 8
1903 157
1904 46
1905 1906
1905 6
1907 1059
1386 1908
1909 1910
219 112
219 34
219 221
31 8
1911 23
1912 34
1913 1914
1915 451
121 1916
121 1917
121 1918
1919 8
1920 1921
1920 371
1920 847
1920 132
1920 1763
1922 34
1923 34
1924 34
1924 187
1925 177
1926 1927
1928 14
1465 993
1929 34
1929 1225
1930 1931
1932 14
1932 34
1933 34
1934 14
1934 34
1935 147
1935 1936
760 1937
1938 1939
1940 23
743 635
482 1941
482 1942
482 443
482 55
482 34
482 1943
482 264
1944 53
1945 1939
1946 23
1947 135
1948 34
1948 53
1949 3
1950 3
1950 120
483 1941
483 1942
1951 435
1952 14
1952 71
1939 1953
1954 34
1955 171
1955 1939
1956 1957
1956 1958
1956 1497
1956 1959
1956 1085
1956 1086
1960 177
484 481
484 221
1961 1716
1942 1382
1962 8
1962 34
1962 53
1963 1497
1963 34
1515 110
1964 14
1965 8
1966 34
1967 1968
1969 1970
1566 8
1971 34
1972 14
1972 34
1972 23
1973 71
1974 14
1974 71
1975 149
1976 8
1976 14
1976 174
1977 14
1977 71
1978 14
1978 71
1979 34
1527 260
508 1980
1981 34
1981 23
1982 34
1983 658
1984 177
1985 1986
1985 1808
1985 557
1985 1530
1985 1987
1985 1662
1985 1988
1985 1989
1985 1990
1985 1991
1985 1857
1985 1992
1985 1993
1985 1497
1985 112
1985 1994
1985 939
1985 1995
1985 1996
1985 1997
1985 110
1985 923
1985 1998
3 1025
3 1757
3 1999
3 848
3 602
3 2000
3 1827
3 757
3 721
3 2001
3 2002
3 1032
3 2003
3 1525
3 2004
3 2005
3 1035
3 34
3 2006
3 503
3 1041
3 653
3 2007
3 311
3 1874
3 1518
3 2008
3 2009
3 2010
3 2011
3 2012
3 2013
3 2014
3 2015
3 597
3 2016
3 105
3 1326
3 2017
3 2018
3 2019
3 2020
3 1064
3 2021
3 2022
3 2023
3 2024
3 2025
3 610
3 1070
3 915
3 2026
3 2027
3 2028
3 1553
3 1076
1070 71
2029 135
1016 574
2030 232
2031 46
703 34
703 110
2032 34
2033 112
2033 251
2034 1894
2035 585
793 501
2036 2037
2038 2039
1039 71
2040 71
2041 34
2042 53
2042 264
2042 1177
297 797
1322 1323
2043 1348
2044 14
2045 459
2046 23
2047 34
2048 2049
2050 14
2050 71
2051 2052
2053 23
539 149
1421 2054
2055 734
2055 2056
2057 23
2058 34
2058 1081
2058 245
2059 34
2060 14
2060 3
2060 71
284 2061
284 1650
284 2062
284 2063
2064 1895
2065 34
2066 112
2067 34
2068 2069
2068 2070
2071 2072
2071 23
2071 1372
2073 8
2074 34
1332 459
1332 71
1332 495
2075 219
2075 218
2075 232
2075 53
2075 221
2076 2077
2076 509
2076 2078
2076 2079
2076 2080
2076 2081
2082 14
2082 71
328 14
328 71
2083 1387
2084 23
2085 34
2086 3
2086 71
1658 2087
1658 2088
1658 2089
274 14
274 71
2090 34
2091 2092
2091 34
2091 2093
2091 2094
2091 2095
851 371
851 223
851 2096
851 797
2097 771
370 23
2098 34
2099 581
2099 2100
2099 473
2099 2101
2102 61
2103 845
2104 34
2105 14
2105 71
2106 53
2107 597
2108 2109
2110 53
2110 23
2111 46
2112 34
2113 34
2114 149
2115 2116
2117 23
232 2118
232 266
232 2119
232 583
232 2120
232 2121
232 2122
232 268
232 848
232 2123
232 1106
232 2124
232 2125
232 2000
232 900
232 1169
232 2126
232 2127
232 2128
232 1332
232 2129
232 2130
232 2131
232 114
232 277
232 2132
232 2133
232 2003
232 1525
232 136
232 2004
232 2134
232 2135
232 53
232 2136
232 2137
232 2138
232 903
232 2139
232 2140
232 2141
232 34
232 1039
232 2142
232 5
232 2143
232 1213
232 2144
232 2145
232 2146
232 298
232 503
232 1576
232 2147
232 2148
232 1896
232 2149
232 941
232 653
232 303
232 1042
232 2150
232 2151
232 2152
232 13
232 2153
232 2154
232 1206
232 2155
232 311
232 2156
232 906
232 2157
232 2158
232 2159
232 471
232 2160
232 2161
232 1020
232 2162
232 1401
232 2163
232 2164
232 2165
232 2166
232 2167
232 2168
232 318
232 2169
232 2170
232 468
232 2171
232 2172
232 2173
232 2174
232 2175
232 197
232 718
232 2176
232 1528
232 2177
232 2178
232 2179
232 2180
232 2181
232 2182
232 2183
232 636
232 2184
232 598
232 335
232 1831
232 586
232 669
232 2185
232 2186
232 166
232 2187
232 1859
232 2188
232 2189
232 2190
232 2191
232 1017
232 2192
232 597
232 2193
232 2194
232 1972
232 2195
232 2196
232 2197
232 1371
232 1152
232 967
232 2198
232 1013
232 1668
232 2199
232 2200
232 105
232 2201
232 2202
232 2203
232 2204
232 2205
232 588
232 1934
232 2206
232 1060
232 2207
232 2208
232 359
232 2209
232 720
232 2210
232 365
232 366
232 2211
232 2212
232 121
232 2213
232 377
232 776
232 2214
232 2215
232 2216
232 2217
232 2218
232 2219
232 2220
232 2221
232 1064
232 2222
232 1066
232 2223
232 2224
232 2225
232 2226
232 1184
232 181
232 1440
232 2227
232 891
232 550
232 2228
232 2024
232 386
232 2229
232 2230
232 2231
232 2232
232 1527
232 2233
232 109
232 2234
232 1107
232 2235
232 2236
232 961
232 2237
232 1403
232 2238
232 896
232 899
232 2239
232 2240
232 2241
232 255
232 2242
232 2243
232 2244
232 70
232 2245
232 2246
232 2247
232 2248
232 2249
232 1022
232 2250
232 1379
232 409
232 2251
232 1845
232 2
232 2252
232 581
232 2253
232 1553
232 2254
232 1400
232 2255
232 2256
232 2257
232 418
232 2258
232 2259
232 2260
232 2261
232 2262
232 2263
232 2116
232 1079
232 2264
232 2265
232 2266
232 1081
2267 985
2268 2269
290 14
2270 14
2270 232
2270 53
2270 71
2271 2272
2273 8
2274 67
2275 23
2276 8
2276 2277
2276 2278
2276 2279
2280 14
2280 34
2280 53
2280 71
2280 913
2281 14
2281 71
519 1
519 6
2282 67
2283 2284
2285 23
2286 232
2286 53
2286 23
2096 613
2096 297
2287 8
2287 3
2287 23
2288 3
2288 53
2289 14
2290 902
2290 903
2290 904
2290 905
2290 443
2290 906
2290 907
2290 598
2290 541
2290 908
2290 909
2291 23
2291 2292
2293 1743
2294 2295
463 2296
463 2297
463 2298
2299 23
2300 34
2301 71
2301 533
2302 149
2302 177
2303 157
2304 399
2304 2305
2304 2306
2304 2307
2308 149
2308 177
399 445
2309 157
2310 8
2311 46
2312 46
517 2313
2314 157
130 2100
2315 2316
2317 1247
2317 254
2318 5
848 371
848 1935
848 14
848 1301
848 71
1107 2319
1107 585
2320 1007
2321 14
2322 8
2323 533
2324 1148
835 2325
835 120
835 130
2326 149
2327 34
2173 8
419 34
2328 34
2329 34
2330 2331
2332 8
2333 34
2334 8
2335 34
2336 34
2337 46
2338 34
2338 473
865 797
2339 23
2340 34
2341 185
2342 34
2342 3
2343 2344
648 1900
2345 845
2136 3
2346 2347
326 8
326 14
2348 34
2348 53
2349 371
1607 1762
2350 2351
1406 779
1406 2352
1406 2353
1406 2354
1406 1179
1406 2355
1406 2356
1406 2357
1406 2358
1406 2359
2360 2361
2277 5
2362 8
2363 8
2364 14
2364 23
2365 53
2365 2366
2367 34
2368 34
2305 1382
2305 34
2305 1
2305 2306
2305 152
2305 2369
2305 2370
1661 2371
1661 273
2372 14
2372 71
2373 46
2374 34
481 34
481 221
2375 2376
2377 1479
2377 2378
2377 273
2379 23
510 677
510 468
510 1122
2380 34
2080 34
2381 2382
2381 2383
2381 2384
2381 34
2381 185
2381 737
2381 635
2385 2386
338 1012
338 53
338 1013
2387 923
2388 2389
2390 61
2391 14
2391 23
2392 459
2393 71
2394 34
2395 468
2395 471
2396 46
2397 459
2397 14
2397 34
2397 3
2397 53
2397 71
2397 110
2398 2399
2398 2260
2398 374
2400 177
2401 2402
2403 46
2404 2405
2406 2407
2408 819
2409 34
2410 14
2411 14
2411 53
2412 187
2413 157
2414 34
2415 223
2415 2416
2415 798
906 8
906 1215
906 14
906 34
906 23
906 71
2417 14
2417 71
2418 34
2419 2420
2419 2081
2421 2422
2423 23
2424 1391
2425 189
2426 53
2426 571
2426 635
2427 149
2427 177
2428 971
2429 46
2430 8
2430 66
2430 1158
2431 8
2431 440
2431 2432
2431 53
2431 2433
2434 2435
2436 6
2437 23
541 34
541 1147
2438 34
2439 67
2440 14
2440 71
2441 2442
2441 2296
2441 2443
2441 2444
2441 2445
2446 2447
2448 2441
2449 14
2449 34
2449 53
2450 2451
2452 625
2453 130
2454 264
2455 2456
2457 46
1029 71
2458 2459
2458 2460
2461 3
1127 2451
2462 388
2463 8
2464 8
2465 381
2465 239
2465 1041
2465 2466
2467 14
2467 23
2468 23
2469 1177
2470 2471
2472 1177
2473 264
956 23
2474 34
627 633
627 262
2475 816
2475 2360
2475 34
2456 442
2456 972
2456 34
2456 630
2456 2476
2456 2477
2456 633
2478 14
2479 46
2480 989
2159 8
1627 1208
1627 1209
1627 2124
2481 34
2383 738
2383 2482
2383 2483
2383 53
2383 238
2383 1910
2383 446
2484 232
2485 34
2486 8
2486 23
2487 14
2488 149
1664 2489
2490 8
2491 2492
2491 34
1157 67
1157 174
323 14
323 3
2493 2494
2493 2424
2493 14
2495 2496
2495 726
2495 2497
2495 714
2498 23
2499 34
2500 2501
2502 34
2503 3
2504 8
2505 23
28 34
28 110
140 396
140 597
140 371
140 297
140 848
140 132
140 34
140 1315
140 53
140 1185
140 850
140 374
140 2506
140 541
140 1825
53 2507
53 1025
53 2508
53 2509
53 1026
53 266
53 2510
53 2511
53 2512
53 2513
53 268
53 2514
53 848
53 2123
53 264
53 602
53 269
53 2515
53 22
53 2516
53 273
53 272
53 666
53 1959
53 2000
53 887
53 2517
53 2518
53 2126
53 59
53 1169
53 239
53 2519
53 721
53 2520
53 2521
53 556
53 277
53 2522
53 1086
53 2523
53 279
53 2524
53 600
53 742
53 2525
53 2004
53 284
53 436
53 2526
53 1035
53 2527
53 442
53 2528
53 34
53 1039
53 2529
53 2530
53 295
53 2531
53 771
53 297
53 2145
53 2532
53 2533
53 503
53 2534
53 2535
53 1040
53 2147
53 1896
53 2536
53 1676
53 2149
53 653
53 1042
53 2537
53 681
53 2538
53 306
53 2539
53 13
53 740
53 2153
53 1214
53 909
53 2540
53 311
53 309
53 2541
53 906
53 2542
53 2543
53 1881
53 1618
53 2161
53 2544
53 1649
53 2545
53 2546
53 316
53 2162
53 2547
53 317
53 1401
53 2548
53 2549
53 468
53 663
53 1659
53 2550
53 322
53 2551
53 2552
53 1046
53 1396
53 2553
53 2174
53 2554
53 197
53 324
53 2555
53 1539
53 1416
53 1528
53 2556
53 2557
53 325
53 2558
53 1713
53 2559
53 2560
53 329
53 2561
53 1427
53 2562
53 2563
53 2564
53 2011
53 2565
53 2566
53 2567
53 2568
53 598
53 2569
53 2570
53 2306
53 2187
53 614
53 2571
53 1051
53 340
53 2572
53 2573
53 2574
53 172
53 1186
53 1319
53 341
53 2575
53 597
53 2015
53 733
53 342
53 1867
53 441
53 2576
53 1942
53 1972
53 2577
53 2197
53 1748
53 1371
53 2578
53 1189
53 345
53 2579
53 105
53 2580
53 2581
53 349
53 2582
53 2583
53 2584
53 2585
53 2586
53 1934
53 2205
53 354
53 54
53 2587
53 2588
53 1326
53 2589
53 2590
53 2591
53 356
53 2592
53 2593
53 1060
53 359
53 1515
53 1204
53 1342
53 2594
53 2595
53 370
53 608
53 2596
53 2436
53 2597
53 2598
53 1791
53 371
53 379
53 2060
53 376
53 776
53 1064
53 2599
53 1066
53 482
53 2600
53 2225
53 383
53 562
53 2601
53 2602
53 484
53 2603
53 2024
53 2604
53 594
53 386
53 387
53 388
53 2605
53 109
53 575
53 2606
53 2233
53 2232
53 797
53 2607
53 2608
53 1191
53 33
53 2609
53 132
53 961
53 786
53 2610
53 2611
53 2240
53 548
53 613
53 2244
53 70
53 399
53 2612
53 243
53 2491
53 2613
53 407
53 1287
53 411
53 409
53 1553
53 581
53 2305
53 2614
53 2253
53 2615
53 55
53 415
53 2616
53 2617
53 2618
53 2619
53 419
53 421
53 423
53 2620
53 2621
53 1196
53 2622
53 424
53 2623
53 2624
53 2625
53 1724
53 425
53 2263
53 1079
53 2626
53 2342
53 2627
53 2628
2153 14
2153 23
2153 71
2629 34
2630 46
2631 34
2632 2633
2634 1470
110 2635
110 2636
110 2637
110 2638
110 2639
110 2025
110 1319
110 2514
110 2640
110 2641
110 2642
110 702
110 2643
110 1141
110 2644
110 2645
110 2646
110 240
110 2647
110 2561
110 239
110 34
110 2648
110 710
110 2649
110 2650
110 1850
110 105
110 2515
110 2651
110 2003
2652 1606
363 580
2653 14
2654 232
2655 34
1808 2656
1808 2657
1808 34
2658 459
2658 873
2659 23
2660 3
2661 459
2661 2662
2661 2648
2661 1227
2661 2663
2661 514
2661 1450
2661 121
2664 71
2665 1894
684 1636
684 2666
684 34
2257 1944
2257 23
2667 3
2668 14
2668 71
2669 2670
2669 580
2669 473
2669 113
2671 34
2078 2077
2078 2672
2078 2081
2673 1666
2674 14
2675 5
2586 533
2676 8
1990 1479
2677 2465
2678 71
2679 34
1113 1951
1113 2451
1113 916
1113 1392
2680 1324
2681 232
2682 23
2683 34
2684 2685
2686 34
2686 3
2687 8
799 2107
799 6
799 633
2688 846
2688 177
2689 34
2228 580
2690 563
2690 34
2691 2692
2693 574
473 712
473 514
473 113
2694 34
2695 34
2696 619
2696 2697
2698 1576
2699 1046
2700 209
2701 8
2702 71
2703 23
2704 149
2705 46
2706 34
631 1040
631 870
2707 2708
2709 8
2710 14
2710 71
2711 34
2712 771
2713 1814
2713 1817
2714 1324
2715 2716
2715 2717
2718 34
2718 53
2719 565
2719 436
2720 34
2720 3
2640 3
2721 2722
2723 34
2724 34
2725 249
2726 2727
867 2728
2729 14
2729 71
2730 34
2731 2732
1996 1319
1996 659
1996 2733
1996 923
2734 3
1501 2735
2736 2732
372 1524
372 3
2737 34
2737 2738
2737 174
2739 177
2740 237
2741 34
2742 938
2743 1088
1858 237
1858 34
2744 779
2744 467
2744 34
2744 2745
2744 775
2746 34
2747 34
2747 2748
2749 1161
2750 71
2751 504
2752 2188
2753 2754
2753 23
2755 533
2756 1935
2756 1374
2757 14
2757 71
2758 8
2759 23
107 1493
107 34
2760 149
2761 1497
2761 5
2120 14
2120 3
2120 2762
2708 557
2763 284
1556 12
1556 2764
1556 177
2765 110
2766 1668
2767 34
2768 442
2768 585
2769 507
672 671
2770 34
2771 659
2771 504
2771 14
2771 34
2771 71
2772 538
2773 171
2148 34
2148 3
2774 53
2775 53
2776 2431
1191 597
1191 14
1191 34
1191 71
2777 232
2778 1549
2779 2780
2781 23
1479 112
1479 34
1479 799
2782 8
2783 34
2784 171
2785 71
425 14
425 23
2786 46
2787 46
2787 149
2788 34
2789 1599
2790 46
2791 2792
2791 2793
2794 2109
2795 3
2795 23
2796 14
2797 1247
2797 2798
2797 565
2799 46
2800 46
2801 2058
2077 14
2802 177
2803 23
2804 34
2805 110
2806 8
2807 46
2808 46
2809 1382
2810 110
2811 2812
2813 34
2814 533
2009 71
2253 14
2253 71
2815 2443
2816 34
2477 34
2477 23
2817 34
2818 71
2819 8
1156 441
1156 34
2820 2821
2820 2822
2820 2823
2820 2824
2820 2825
2826 14
2826 71
2827 528
2828 14
2828 71
2829 2830
2831 14
2831 71
2832 34
479 984
1174 23
2833 34
2834 5
2835 34
2836 34
2837 1656
2838 923
2839 2840
2839 2841
2839 1127
2839 538
2842 531
2843 836
2844 574
2845 34
739 8
739 34
739 2846
739 634
739 635
2518 2847
1010 2232
2848 541
2849 597
2849 2850
2849 30
2849 167
2849 892
2849 31
2849 2851
2852 34
2853 14
2853 53
2854 34
2195 1100
2195 3
2855 177
2856 157
2857 2858
2857 2726
2857 2859
2860 34
1834 2861
2862 2863
2862 71
2864 845
2865 232
2865 34
2865 3
2865 53
2866 23
2867 459
2868 459
2868 480
2868 512
2868 516
2868 873
2868 875
2869 34
2870 53
2871 46
2872 34
2873 2874
2875 1127
2876 23
396 926
396 976
396 1576
396 371
396 848
396 223
396 614
396 34
396 849
396 139
396 53
396 2877
396 845
396 2878
396 2879
396 2880
396 157
396 995
396 1544
396 583
396 600
396 2864
396 1221
147 2881
147 533
2882 597
2882 2883
2884 53
2885 189
2886 8
2887 46
2888 46
2889 2890
2889 1552
402 53
2891 46
2891 149
2892 2893
2894 8
2895 1935
2116 53
705 8
705 1381
705 2850
705 1006
705 66
2896 258
857 8
857 180
857 2897
857 2898
857 34
857 53
857 2899
857 2900
857 797
2246 34
2246 71
2246 533
2901 34
1890 1401
1890 1400
891 649
891 1448
891 239
891 2052
891 2902
2903 14
2903 71
2904 43
2904 2848
2905 8
2229 8
2906 23
2907 23
2908 34
2528 34
2909 609
2909 1662
2909 2910
2909 2069
2909 2765
2909 2070
2909 91
2890 1682
2890 2911
2890 557
2890 1484
2890 2912
2890 930
2890 112
2890 527
2890 2913
2890 9
2890 1650
2914 8
707 2915
707 702
707 1419
707 2916
707 1497
707 710
707 110
2917 2918
251 112
251 1631
189 512
189 2919
189 2920
189 666
189 53
189 2833
189 866
189 34
189 1552
189 984
189 1962
189 298
189 2921
189 793
189 305
189 2922
189 2923
189 2924
189 2304
189 1856
189 2552
189 2174
189 2925
189 2926
189 2566
189 2927
189 459
189 597
189 232
189 441
189 2928
189 2929
189 1797
189 2930
189 2931
189 2422
189 699
189 2932
189 2933
189 2934
189 2935
189 2594
189 608
189 2936
189 1657
189 438
189 490
189 1516
189 581
189 2307
189 1118
189 2937
189 2336
1546 1587
1546 2938
1546 2939
1546 2395
2920 8
2920 779
2920 34
2920 2355
2920 2733
2920 1173
2920 2940
2920 473
2920 1541
2920 533
2920 2941
1071 71
2942 53
2943 2378
2944 2395
1301 239
2936 8
2936 1247
2936 2945
2936 14
2936 53
2936 1126
2936 23
2936 26
2936 631
2936 2317
2936 608
2946 2947
2948 6
2949 23
2626 14
2626 34
2626 71
2950 8
2950 440
2950 1386
2950 34
2950 53
2950 2298
437 575
437 435
437 436
437 554
437 2951
2952 3
2953 8
2953 110
2954 151
2954 152
2955 14
2955 53
2955 71
2606 174
2956 2069
2957 171
2958 3
1845 34
1845 221
2959 157
2263 23
2960 232
2961 34
2962 8
2962 34
2963 34
2964 34
2965 902
2966 8
2967 23
2241 1957
2968 926
2969 14
2970 23
2970 157
2971 2972
2973 53
2210 3
2974 5
8 2975
8 2969
8 2976
8 2977
8 2123
8 981
8 2978
8 2979
8 2980
8 2981
8 2982
8 2983
8 1959
8 1817
8 2797
8 2984
8 2856
8 2985
8 2519
8 2130
8 2986
8 2987
8 2988
8 2989
8 436
8 2990
8 282
8 2991
8 2992
8 1035
8 2993
8 2994
8 2995
8 2996
8 2997
8 2998
8 34
8 1039
8 2330
8 2999
8 3000
8 3001
8 3002
8 771
8 3003
8 2533
8 2534
8 3004
8 3005
8 3006
8 3007
8 3008
8 566
8 3009
8 3010
8 3011
8 251
8 3012
8 3013
8 3014
8 3015
8 3016
8 3017
8 2860
8 3018
8 3019
8 3020
8 541
8 3021
8 2162
8 3022
8 3023
8 111
8 1615
8 3024
8 3025
8 1528
8 3026
8 1050
8 3027
8 68
8 3028
8 2561
8 3029
8 3030
8 3031
8 3032
8 3033
8 3034
8 3035
8 2458
8 3036
8 3037
8 3038
8 963
8 2569
8 2185
8 3039
8 3040
8 3041
8 3042
8 3043
8 3044
8 3045
8 30
8 3046
8 3047
8 3048
8 3049
8 3050
8 1340
8 69
8 2202
8 1850
8 3051
8 3052
8 3053
8 3054
8 3055
8 1541
8 1061
8 3056
8 3057
8 3058
8 2369
8 2503
8 3059
8 3060
8 2670
8 3061
8 3062
8 383
8 3063
8 2646
8 3064
8 3065
8 3066
8 3067
8 3068
8 3069
8 3070
8 3071
8 3072
8 961
8 2319
8 3073
8 3074
8 3075
8 3076
8 3077
8 3078
8 3079
8 3080
8 3081
8 3082
8 2027
8 3083
8 3084
8 3085
8 3086
8 409
8 3087
8 3088
8 3089
8 3090
8 1726
8 3091
8 3092
8 1196
8 3093
8 2623
8 3094
8 1079
8 892
8 2626
3095 668
3095 2465
3095 1014
3071 34
3096 5
3097 3098
3099 169
413 1148
3100 3
3101 54
3101 571
3102 44
3102 1634
3103 978
3103 462
3103 979
3104 854
3104 856
668 831
668 3105
668 1016
668 3106
668 835
668 1014
668 1959
668 3107
668 3108
668 585
668 3109
1034 71
3110 174
3111 46
3112 34
3113 34
1993 557
1035 71
3114 34
2548 34
3115 1541
2072 34
653 71
406 8
3116 3117
3118 34
1516 34
1516 3119
1516 53
1516 580
3120 3121
651 168
651 3122
651 715
651 2305
651 91
651 262
651 2489
3123 92
3124 254
3124 1470
3124 14
3124 3
3124 71
3124 110
3125 14
3125 71
903 14
903 71
3126 3
3127 262
3128 533
3129 8
3130 23
3131 23
3132 3133
2552 34
3134 1358
3135 14
3135 71
3136 34
2554 34
3137 14
3137 3
3137 71
118 2102
118 1160
118 1291
118 1292
118 34
118 936
118 2749
118 53
118 580
118 68
118 1717
118 2390
118 3083
118 1161
118 1158
506 3138
506 835
3139 14
2200 14
2200 53
3140 638
2213 34
2213 53
2476 1
2476 152
3141 3
3142 14
3142 71
3143 14
2622 34
3144 34
3145 3146
3145 14
3145 3
3145 53
3147 14
3147 71
2145 8
2145 14
1536 23
3148 34
3149 34
3150 3151
3152 2100
3153 849
3153 53
3153 797
3153 174
3154 839
3155 34
435 436
3156 14
3156 71
3157 1956
3158 46
3159 994
3159 1289
3159 874
3159 34
3159 3160
3159 2749
3159 53
3159 118
3159 68
3159 852
3159 3083
3159 688
2119 8
3161 23
850 371
850 3162
850 223
850 614
850 849
850 2564
3163 533
3164 149
3165 23
3166 112
3167 14
3168 69
3168 1158
723 105
2587 34
3169 622
3170 46
3171 34
3171 53
2319 533
3172 264
3173 8
3173 504
492 1894
2169 859
2169 34
3174 34
3175 14
616 34
3176 482
3177 1324
3178 1684
3178 1464
3179 34
3180 482
3181 1126
3181 26
2225 14
3182 14
3182 53
3182 71
157 3183
157 1503
157 3184
157 3185
157 957
157 513
3186 8
3187 187
3188 149
1819 1817
2738 735
3189 8
3190 3191
3192 760
3193 23
3194 3195
3194 453
3194 479
3194 3196
3194 591
3194 3197
1196 3198
1196 2576
1196 2011
1196 1025
3199 3200
3199 3201
3199 34
3199 157
3202 34
3202 2839
3203 34
3204 23
3205 46
3206 3207
3206 34
2296 1391
3208 107
3208 455
3208 3209
3208 3210
3208 981
3208 3211
3212 1883
3213 23
3214 34
3214 53
3215 8
3216 232
3216 53
3216 713
3217 8
3218 180
3219 8
3219 446
3220 507
3221 46
3222 910
3222 34
3223 34
3224 3225
3226 25
3226 1126
3226 26
3227 14
3228 180
3229 34
3230 34
3230 53
634 1382
634 1
634 741
634 3231
634 585
634 152
3107 3
1429 71
3232 2880
3233 840
3234 23
3235 34
3236 34
3237 1613
3237 854
3238 3
2138 459
2138 840
2138 14
2138 3
2138 3239
2138 3240
2138 3241
3242 554
3243 14
3243 71
3244 23
3245 34
3246 14
3246 23
866 34
866 53
866 797
3247 34
2902 8
2902 649
2902 239
2902 2052
2902 30
2902 31
1692 2460
3248 554
3249 53
3250 23
305 34
305 53
3251 861
311 147
3252 149
2161 14
3253 651
3254 14
3254 71
3255 149
3256 34
3256 53
3257 34
564 3151
3258 149
3259 53
3260 34
3261 34
3262 8
3263 1324
1684 2325
1684 12
1684 2081
1684 3264
1684 177
1684 830
354 71
3265 14
3266 232
3267 221
3268 1555
3269 46
3270 34
3271 2458
471 459
471 3272
471 34
471 3
471 53
471 23
471 110
471 685
471 514
2523 23
3273 34
3274 3275
3274 468
3274 3276
3274 735
3274 649
3274 92
3274 720
3274 1010
3274 34
3274 3277
3274 585
3274 3278
3274 262
3279 2297
1225 3280
3281 149
3282 114
3282 720
3282 365
34 1025
34 3283
34 3284
34 3285
34 1027
34 1301
34 2512
34 9
34 3286
34 3287
34 3288
34 2514
34 3289
34 848
34 2515
34 602
34 3290
34 3291
34 274
34 1375
34 3246
34 3292
34 239
34 1209
34 3293
34 3294
34 112
34 3295
34 3296
34 3297
34 2525
34 436
34 3298
34 3299
34 3300
34 2527
34 1388
34 3301
34 3302
34 2997
34 3303
34 1762
34 867
34 1224
34 1039
34 3131
34 3304
34 65
34 2530
34 3305
34 3306
34 778
34 3307
34 631
34 297
34 738
34 1765
34 3198
34 3308
34 302
34 1747
34 3309
34 3310
34 653
34 3311
34 558
34 2539
34 740
34 3312
34 3313
34 2685
34 909
34 3314
34 3315
34 2692
34 3316
34 2471
34 2543
34 3317
34 2161
34 3254
34 3318
34 3319
34 2549
34 3320
34 318
34 1659
34 92
34 322
34 2638
34 1049
34 2555
34 3321
34 686
34 3026
34 3322
34 2008
34 3323
34 3324
34 3325
34 2313
34 2559
34 2562
34 3326
34 3327
34 23
34 3328
34 3329
34 3330
34 2458
34 145
34 3331
34 3332
34 3333
34 336
34 1127
34 2306
34 614
34 3334
34 3335
34 1051
34 874
34 1186
34 3336
34 3337
34 820
34 3338
34 3339
34 597
34 3340
34 2015
34 761
34 441
34 3341
34 3342
34 2577
34 3343
34 3344
34 3345
34 3346
34 1147
34 180
34 105
34 2581
34 633
34 1405
34 2586
34 54
34 3347
34 1060
34 3348
34 3349
34 2594
34 2212
34 976
34 3350
34 2019
34 237
34 371
34 378
34 3351
34 3352
34 2670
34 1884
34 1066
34 3353
34 2054
34 3354
34 3355
34 387
34 3356
34 2232
34 797
34 3357
34 1834
34 1107
34 2609
34 132
34 3358
34 798
34 538
34 3359
34 255
34 3360
34 3361
34 3362
34 399
34 401
34 3363
34 161
34 2751
34 1287
34 3364
34 3365
34 1553
34 1536
34 1122
34 1726
34 423
34 3366
34 3367
34 2623
34 2625
34 2937
34 1724
34 3368
34 3369
34 1081
3370 2297
3371 14
3371 71
398 34
2910 169
2910 3120
861 374
3372 14
3372 71
1177 112
1177 1226
1177 778
1968 3120
3373 3
3374 46
3375 34
3376 34
3377 34
3378 53
3379 741
12 1386
3380 23
3381 34
3382 1382
3382 1
3383 3384
3383 225
2247 23
633 1
3385 2338
3385 34
3385 2920
1844 23
632 68
632 3083
3386 149
3386 177
677 735
3387 34
1850 1470
2255 14
2255 34
2255 53
2255 71
2255 110
3388 110
3389 6
3390 46
3391 34
509 2742
3392 1684
3393 71
3394 46
3395 46
1849 34
2258 34
2125 34
2125 23
1526 399
1526 14
1526 71
3396 3397
3398 1880
3399 1767
3400 912
3401 34
3402 3
3403 2207
2179 23
3404 23
171 3405
171 3
3406 734
3406 3407
3408 14
3408 71
451 1845
451 34
451 110
451 221
3409 8
3410 3411
3410 3412
3410 840
3410 920
3410 34
3410 53
3410 3222
3410 25
3410 1126
3410 3413
3410 2433
3410 26
3410 1726
3410 897
3410 1071
3414 3415
3416 34
3417 71
1423 1359
1423 1800
1423 3418
2545 34
3419 482
276 34
276 53
3420 1348
3421 53
3421 23
3422 34
1459 3423
1459 3424
1459 3425
3426 1348
3427 23
3428 34
688 2972
688 874
688 34
688 53
688 68
688 3429
688 1161
348 23
613 371
613 297
613 223
613 614
613 34
613 797
930 1932
930 2912
930 874
930 1526
930 2370
930 3430
3431 3415
3431 447
3431 3432
3431 1856
3431 453
3431 720
3431 3433
3431 1191
3431 3434
3431 3435
3431 1887
3431 2762
3431 3436
3431 3437
3438 1145
3439 8
3439 14
3439 53
3439 71
3440 820
3441 827
3441 1880
3441 3442
3441 239
3441 585
520 793
520 260
1030 71
331 34
331 53
377 34
377 53
350 14
350 53
350 3443
2217 81
2217 83
2217 84
352 34
2435 2868
2435 3444
2435 3445
2435 225
2435 1546
3446 8
3446 14
3446 232
3446 3
3446 53
3446 71
3447 8
3447 34
3447 66
3447 1158
3448 53
3448 71
3449 3
3450 225
3451 46
3452 2370
3453 23
3454 23
3455 1401
3455 1890
3455 1400
3455 1402
3455 1889
2879 374
2178 14
2178 34
2178 71
3456 3457
922 1834
922 778
2840 3151
2840 34
3458 23
3459 894
3459 189
3459 3460
1026 71
3461 14
3461 71
1027 71
3462 53
3463 8
839 467
839 1606
839 3
839 3464
839 3465
839 845
839 631
839 1762
3466 3467
3468 212
3469 3
268 71
3470 53
3471 6
3472 23
411 23
3473 3474
1074 71
3475 2316
3476 1473
2123 34
2123 3
2123 23
2149 8
1043 71
3477 14
3477 71
3478 157
3479 46
706 664
3480 1382
3480 152
3481 232
3481 53
3481 23
3482 34
3483 54
3483 849
3483 53
3483 797
3483 157
3483 3484
3483 3314
3485 34
3486 23
3487 1760
3487 34
3488 1509
3489 46
2644 34
2644 157
3490 8
3490 14
3490 3
3490 71
3491 14
3491 71
343 34
343 53
3492 34
3493 34
3494 8
3495 34
3495 53
3496 14
3496 232
3496 34
3496 53
3496 713
3497 8
3497 14
3497 34
3497 53
3497 71
3498 34
3499 399
3499 456
3500 1100
3501 1509
3502 8
3502 490
3502 34
3502 3267
3502 2356
3502 3503
3504 34
3505 34
3505 53
3506 23
3507 34
2532 34
3508 3509
2240 34
713 2120
713 2512
713 848
713 273
713 1595
713 3510
713 900
713 3246
713 1457
713 1936
713 1332
713 773
713 53
713 903
713 291
713 3511
713 3512
713 3513
713 909
713 3514
713 3494
713 2161
713 1020
713 3254
713 3515
713 1401
713 2549
713 3516
713 2178
713 3497
713 3446
713 235
713 598
713 1051
713 459
713 597
713 1532
713 3517
713 2867
713 117
713 3518
713 1934
713 3519
713 1515
713 2270
713 3520
713 1342
713 1723
713 667
713 3521
713 776
713 2953
713 1440
713 562
713 1574
713 1082
713 2232
713 2233
713 132
713 3522
713 1403
713 392
713 786
713 3523
713 3524
713 485
713 3525
713 2246
713 70
713 1022
713 2397
713 2257
713 3526
3527 3
375 180
375 14
375 34
375 3
375 23
375 71
3528 3529
3530 14
3530 34
3530 71
2081 3531
2081 2077
2081 3532
3533 187
3534 2754
3535 23
3536 8
6 225
3537 8
3537 232
3537 53
2243 71
3538 23
3539 2465
3540 21
1672 174
3541 232
2133 8
2133 34
864 797
3542 25
3542 1126
3542 26
3543 5
116 1380
116 563
116 2719
116 14
116 3544
3545 459
3545 2377
3545 3
3545 53
3545 3546
3545 23
302 762
3547 1552
3548 23
3549 34
3550 1657
3550 1658
3551 1157
3551 1359
3551 34
3551 262
335 14
335 34
3552 53
3553 34
3554 1656
3555 53
3555 189
408 14
408 34
408 3
408 23
408 71
1326 3556
1326 3557
1326 14
1326 3558
1326 3559
1326 1327
3560 3561
3560 1405
3560 1814
3560 1836
3560 3562
3560 359
3560 1382
3560 479
3560 34
3560 14
3560 3563
3560 2391
3560 1526
3560 2935
3560 3564
3560 1083
3560 3565
3560 3566
3560 3441
3560 1934
3567 169
3567 3123
421 14
421 34
421 71
3568 14
3568 3
3568 71
3569 149
3569 177
2589 8
3570 46
597 793
597 504
597 819
597 3571
597 533
3572 23
3573 1023
3573 479
3573 3574
441 14
441 174
441 1039
2297 2768
2297 440
2297 442
2297 930
2297 34
2297 53
2297 971
2297 2298
2297 585
3575 8
3460 467
3460 926
3460 531
3460 34
3460 365
2298 442
2298 444
2298 533
2298 446
3576 3
3577 23
3578 461
3579 14
3579 23
3579 71
3580 1693
3581 34
1880 3582
3583 14
3583 3
3197 533
3584 34
468 14
468 1122
468 3
468 3313
468 2465
468 478
468 601
468 71
468 922
555 3585
3436 3435
3436 2489
3586 46
3587 761
3587 3588
3587 281
3587 2313
3587 34
3587 145
3587 2852
3589 3
3590 34
3591 26
3592 3
3593 34
3594 34
3595 554
3596 149
1158 69
3597 3598
3599 14
3599 71
3600 23
3601 34
3484 504
3484 859
3484 374
3484 631
3484 533
48 14
3602 3334
3603 5
3604 440
3604 2297
3604 2298
3605 8
3606 14
3606 23
3606 71
2231 459
2231 14
2231 34
3607 789
608 1247
608 450
608 2898
608 254
608 14
608 34
608 867
3608 14
3608 71
827 1122
827 771
827 3365
3609 3
583 3
3610 3611
3610 3144
1013 271
1013 441
1013 1012
1013 34
3612 34
3613 34
349 34
3614 25
3614 26
490 481
490 793
490 3615
490 668
490 443
490 2347
490 34
490 3616
490 53
490 1014
490 2433
490 631
490 221
3617 23
379 34
379 23
3618 34
3618 53
2585 34
1126 3619
1126 555
1126 24
1126 3620
1126 3621
1126 436
1126 566
1126 3614
1126 6
1126 3622
2174 14
2174 533
3623 53
3624 2296
3625 34
3626 34
3627 14
3627 34
3627 53
3628 34
2851 34
3629 489
3629 1391
2399 2260
3630 3631
3630 473
3630 3632
3633 23
2573 23
3634 34
2850 34
2850 3635
2850 167
2850 3636
1290 3160
1290 118
837 467
3637 23
3638 3639
3638 3640
3641 171
329 14
3642 14
2620 8
2620 23
341 112
341 14
341 71
5 3643
5 3644
5 35
5 3645
5 3646
5 3647
5 3648
5 3649
5 3650
5 3651
5 3652
5 3653
5 3654
5 3655
5 3656
5 3657
5 3658
5 3659
5 3660
5 3661
5 3662
5 3663
5 3664
5 3665
5 3666
5 3667
5 3668
5 3669
5 3670
5 3671
5 3672
5 3673
5 3235
5 3674
5 3675
5 1147
5 3676
5 3677
5 3678
5 3679
5 3680
5 3681
5 3682
5 608
5 3683
5 3684
5 3685
5 3686
5 3687
5 2232
5 1834
5 3688
5 1107
5 3689
5 1006
5 3690
5 1009
5 91
5 3691
5 3692
5 3693
5 3694
5 3695
5 3696
5 1481
359 8
359 147
359 14
359 34
359 71
359 157
359 533
3697 793
2264 14
2264 53
2264 71
3698 112
3698 2069
2558 34
1958 3699
3700 8
3700 857
3525 8
3525 459
3525 668
3525 23
3701 8
2265 8
3702 8
3702 34
3703 8
3703 705
3703 1381
3703 1212
3704 34
3705 8
3705 53
2566 34
316 34
3706 3707
3708 3709
3710 34
582 34
3711 3
2166 8
2166 1713
2166 34
3712 1520
3713 23
3714 8
3714 34
3714 53
3714 189
3714 3715
3716 3717
3716 1636
3718 3719
3720 3721
3720 3722
3720 720
3720 2873
3720 771
3720 21
3723 23
3724 171
2899 608
3725 459
3725 34
3725 53
1060 71
2900 608
3726 8
635 738
635 740
635 3727
635 742
2187 14
2187 3
3728 171
3729 8
3730 34
25 555
25 3621
25 3731
25 436
25 6
1291 3160
3732 46
3733 34
2863 112
2863 1225
2863 3734
3735 23
3736 14
3736 71
3737 14
3737 23
3738 23
3739 135
1817 1815
1817 1818
3740 467
3741 34
3742 46
581 14
581 34
581 3
581 71
2352 14
2352 71
3743 8
3744 638
3745 574
3746 34
3747 1631
1497 754
1497 135
3620 25
3620 26
3748 121
3749 157
3749 538
3750 34
3750 3751
3750 333
3750 488
3750 71
3750 3752
357 504
361 71
403 232
3753 34
3754 34
3755 14
3756 3757
3758 8
3758 14
3759 3388
3759 471
3759 112
3759 1834
3759 1227
3759 1177
3759 448
3759 2861
3759 507
3759 1450
3760 3761
3760 3762
3760 34
3760 3267
3760 3763
3764 926
3765 1658
3766 14
3766 71
2382 738
2382 442
2382 739
2382 518
2382 740
2382 55
2382 34
2382 1
2382 741
2382 264
2382 742
2382 743
3767 8
3768 23
3769 3770
3771 2902
3772 668
3772 34
3773 14
3774 114
3774 720
3774 365
3775 46
3776 8
2893 3777
2893 3778
2893 3779
2893 3780
2893 3781
2893 3782
2893 3783
2893 3784
2893 3785
2893 3786
2893 1638
3787 232
3787 53
334 53
334 23
3788 46
3789 574
3790 34
3757 3791
3757 3792
3757 3793
3757 818
3794 571
3795 2733
3795 3796
1599 3797
1599 3798
1599 3433
1599 617
1599 897
3799 54
3799 440
3799 1674
3799 55
3799 3800
3801 53
3801 3802
2256 254
2256 34
3277 650
450 2232
450 1834
3803 8
3803 34
3803 53
3804 3529
3805 8
3806 3807
3808 34
3808 53
3809 34
3762 1724
3810 34
3810 1147
161 3811
19 34
3812 23
3813 34
3814 1805
3814 34
3815 110
3816 53
3817 3155
3818 8
3818 1247
3818 564
3818 563
3818 643
3818 3151
3818 2661
3818 34
3818 53
3818 2797
3818 2839
1991 1671
1991 1530
1991 923
149 3819
149 1231
149 3820
149 3821
149 3822
149 3823
149 3824
149 3825
149 3826
149 3827
149 3828
149 3829
149 3830
149 3831
149 3832
149 3833
149 3834
149 3835
149 3836
149 3837
149 1267
149 3838
149 3839
149 839
149 3840
149 1789
3841 3842
3622 25
3622 26
1366 271
1366 504
1366 1363
1366 14
1366 232
1366 34
1366 53
1366 71
1366 2491
1366 2552
1366 1934
3843 699
3843 441
3843 271
3843 232
3843 1012
3843 34
3843 53
3843 23
3843 1013
3843 2552
177 3844
177 3845
177 1231
177 3846
177 835
177 3847
177 3848
177 3849
177 3850
177 3851
177 3819
177 3852
177 3853
177 3854
177 3855
177 3824
177 3768
177 3856
177 3857
177 3858
177 3859
177 3860
177 3861
177 3862
177 3863
177 3864
177 3865
177 2325
177 3866
177 3867
177 3868
177 3869
177 3870
177 3871
177 3872
177 3873
177 3874
177 3875
177 3876
177 3877
177 3827
177 3878
177 3879
177 3880
177 3881
177 3882
177 3883
177 3884
177 3885
177 3828
177 3886
177 3887
177 3888
177 3826
177 3889
177 3840
177 3890
177 3891
177 3892
177 3893
177 3894
177 3895
177 3896
177 3897
177 3898
177 3831
3899 699
3899 441
3899 271
3899 34
3899 53
3899 1013
3900 1725
3901 53
792 1220
792 3902
3903 8
3904 34
3905 468
3905 471
3906 149
3906 177
3907 34
3907 53
905 53
905 23
3908 34
3909 3910
3911 3
3912 5
3913 34
3914 34
3914 5
3915 46
3916 34
995 3
995 245
3917 23
3918 46
3918 149
2506 371
3919 8
258 3920
3921 3922
3923 8
132 23
3924 34
185 3925
185 442
185 2042
185 3926
185 3927
185 480
185 3928
185 489
185 494
185 3929
185 3930
185 3931
185 516
185 3083
3009 23
3932 23
3933 232
3933 3934
3933 337
3933 53
3935 149
3935 177
3936 34
3937 468
3937 116
3937 117
3937 1303
3937 34
3937 1191
3937 3434
3937 3476
71 3938
71 1057
71 1053
71 1048
71 1031
71 1058
71 1072
71 1081
71 1047
71 1036
71 3939
71 3940
3941 46
3942 46
3943 171
3944 1128
3945 177
3946 1222
585 3947
3948 3949
3948 34
3950 260
3951 3952
3953 14
3953 71
3954 46
3955 34
3956 202
897 467
897 3957
897 3191
897 3958
897 34
897 3959
3960 1788
3961 14
3961 71
3962 5
3963 46
3963 149
2592 34
3964 14
3964 34
3964 1747
3965 8
3965 1814
3965 1815
3965 1816
3965 1817
3965 3966
3967 53
923 3968
923 1530
923 1010
923 2662
923 778
923 120
923 3969
923 921
923 777
923 121
271 441
1100 1785
659 1319
659 147
659 34
3275 1156
3970 23
2991 23
3971 3500
3972 952
3973 34
2233 14
2233 34
2233 3
2233 71
2233 110
2570 14
2570 71
3974 14
3974 71
3975 34
3976 185
3977 1726
3978 2766
2366 53
3979 53
3979 23
82 76
300 34
3980 762
446 399
446 740
446 628
446 443
446 629
446 2733
446 34
446 3981
446 53
446 1526
446 1996
446 66
446 445
3982 14
3415 467
3415 381
3415 157
3415 3436
345 34
2184 8
2184 14
2597 34
3983 648
3983 34
3983 3984
3985 1549
3986 14
3986 71
912 1832
598 8
598 34
598 3
598 3987
3988 1747
3989 53
3989 1480
3989 3990
3991 1658
1657 2089
3992 14
1708 1707
3993 46
3993 149
3994 46
3995 14
3995 34
3996 46
3997 14
3997 71
3998 23
3999 46
4000 163
4000 34
410 374
410 533
4001 938
4002 14
459 2120
459 3286
459 2512
459 848
459 4003
459 274
459 1936
459 1035
459 4004
459 34
459 3137
459 291
459 3131
459 4005
459 1380
459 13
459 3514
459 1881
459 541
459 1401
459 468
459 318
459 2549
459 4006
459 2551
459 328
459 2185
459 4007
459 172
459 819
459 2861
459 2205
459 2391
459 359
459 1515
459 1342
459 2020
459 776
459 1834
459 4008
459 3524
459 548
459 70
459 401
459 581
459 435
4009 14
4009 232
4009 53
4009 71
4010 8
4011 23
4012 34
1512 4013
4014 1906
4015 3
4016 1906
4017 174
4018 6
4019 34
4020 34
4021 1906
3314 174
4022 46
26 555
26 3621
26 3731
26 6
4023 23
4024 23
1441 642
4025 23
4026 23
4027 34
4028 4029
4030 4031
1040 23
1040 71
4032 23
4033 8
4033 459
2193 14
112 735
112 2069
112 2370
1056 71
3309 1724
4034 1576
4035 2890
4036 23
4037 4038
4039 23
315 34
4040 3
4041 71
285 4042
285 34
4043 3
1054 71
1215 597
4044 34
4045 34
4046 442
3010 3
4047 456
4048 2850
4049 171
2101 23
2101 478
2101 922
4050 14
4051 23
4052 34
4053 14
4054 34
4055 34
4056 3
4057 34
4058 34
4059 1326
4060 14
4060 71
4061 8
4062 187
4063 23
4064 171
4065 163
4066 23
4067 225
4068 46
4069 34
3445 1448
4070 149
4070 177
2191 14
2191 53
2191 71
4071 14
4072 23
1846 1470
1846 23
1846 110
4073 4074
4073 4075
4073 648
4073 479
4073 14
4073 1727
4073 34
4073 3100
4073 2598
4073 4076
720 459
720 115
720 116
720 1958
720 117
720 34
720 118
720 25
720 1126
720 3435
720 119
720 26
720 721
720 4077
720 2762
720 3436
720 799
720 4078
720 121
720 2202
3098 2492
3098 4079
3098 1394
3098 4080
3098 4081
3098 4082
3098 4083
3098 4084
3098 4085
3098 66
3098 4086
3098 4087
2563 143
3517 14
3517 460
3517 34
3517 53
3517 71
365 557
365 459
365 115
365 4088
365 117
365 4089
365 34
365 53
365 118
365 119
365 1414
365 4090
365 4091
365 121
69 68
69 3083
981 2037
981 868
4092 46
4093 225
4094 171
4095 34
4095 3
4095 23
4096 34
4096 53
4096 533
4097 177
4098 4099
371 847
371 297
371 132
371 797
371 174
1959 3699
2211 8
2211 459
2211 71
4100 53
3722 1539
4101 3108
2198 34
2198 3
2198 53
2198 580
4102 8
4103 1747
4104 8
4104 4105
4106 1007
4107 8
4108 574
4109 8
4109 34
4110 1177
2937 4111
4112 4113
4114 1631
2220 14
4115 8
4116 2109
3709 4117
4118 4119
4120 8
4121 4122
4121 14
4121 4123
4124 232
4124 34
4124 53
4125 8
4125 1448
4125 157
4126 1806
4127 53
467 449
467 3467
467 34
467 3299
4128 23
4129 46
4130 14
4130 71
4131 2708
4132 2909
4133 34
4134 34
531 4135
531 468
531 642
531 585
4136 34
431 916
4137 46
4138 479
4139 1189
4139 1060
4140 232
4141 23
4142 23
4143 46
4144 1348
4144 1606
4144 4145
4144 1757
4144 839
1050 71
4146 34
4147 23
4148 34
2621 14
4149 249
4149 14
4149 232
4149 53
4149 71
4150 926
4151 459
4152 149
4152 177
4153 46
4154 23
4155 1631
