3209 10666
0 1
2 1
3 4
3 5
3 6
7 8
9 10
9 11
9 12
9 13
9 14
9 15
9 16
9 17
18 19
18 20
18 21
22 23
22 24
22 5
22 6
22 25
26 27
26 28
26 29
30 31
30 32
30 33
30 27
30 34
30 35
30 36
30 37
30 8
30 38
30 39
30 40
30 41
30 4
30 42
30 43
30 44
30 45
30 46
30 47
30 48
30 49
30 50
30 51
30 15
30 52
30 29
30 53
30 54
30 55
30 56
30 57
30 58
30 59
30 60
30 61
30 62
30 63
30 64
30 65
30 66
30 67
30 68
69 70
69 71
69 72
69 73
69 74
69 43
69 75
69 76
77 78
79 80
79 21
81 82
83 41
83 84
83 85
86 21
86 87
88 11
88 89
88 90
88 91
92 93
94 95
96 97
96 98
99 100
99 101
99 102
99 103
99 6
99 104
99 105
99 106
99 107
99 108
109 1
110 111
110 112
113 114
115 116
117 23
117 118
117 56
117 41
117 21
117 47
117 119
117 29
117 8
120 121
120 122
123 114
123 20
123 124
125 126
125 127
125 24
125 71
125 128
125 129
125 73
125 130
125 131
125 132
125 133
125 8
125 69
134 135
136 137
136 110
136 138
136 139
136 140
136 141
136 142
136 143
136 144
136 132
136 145
136 146
136 133
136 147
136 148
136 30
136 87
136 149
150 151
150 152
150 41
150 153
150 154
150 155
150 156
66 19
66 157
66 42
66 59
66 158
66 102
66 159
66 56
66 160
66 161
66 162
66 97
66 163
66 54
164 15
165 15
165 166
167 168
169 114
169 20
169 170
169 171
169 172
169 173
169 174
169 175
169 176
169 21
169 177
169 178
179 180
179 181
179 182
179 183
179 184
185 21
186 187
186 188
186 189
186 190
186 108
186 29
191 192
191 193
191 194
191 195
191 196
191 197
191 198
191 56
191 199
191 41
191 188
191 190
191 200
191 201
191 29
202 203
202 204
205 206
31 42
31 43
31 207
208 105
208 209
51 210
211 20
211 21
212 138
212 213
212 1
212 214
215 216
215 89
215 217
215 218
215 219
215 220
215 221
215 222
215 189
215 223
215 224
215 225
226 21
226 227
228 229
228 230
228 231
232 97
232 98
233 234
235 236
237 238
239 188
240 21
241 20
241 21
242 20
242 243
244 21
244 245
244 246
244 1
247 21
248 21
249 21
249 1
250 251
250 252
250 161
250 253
250 254
255 21
256 21
257 258
259 116
260 261
262 1
263 97
264 56
264 265
264 41
264 266
264 29
267 21
268 269
270 271
270 272
273 274
273 21
273 1
273 275
276 277
276 278
276 279
276 6
276 280
276 281
282 283
284 285
284 286
284 287
284 288
284 289
284 1
290 269
290 291
292 21
293 294
293 97
295 296
297 298
299 300
299 301
299 302
299 303
299 304
299 305
299 37
299 306
299 307
308 1
309 97
310 296
311 188
312 313
314 126
314 20
314 315
314 316
314 265
314 41
314 317
314 29
318 319
318 320
318 41
321 306
322 80
322 323
322 21
324 325
324 326
327 328
327 329
330 192
330 199
330 188
330 190
331 20
331 21
332 20
332 265
332 21
332 333
332 29
334 335
334 21
334 336
337 21
338 72
339 340
339 1
341 342
261 343
261 313
261 344
261 29
345 258
345 346
347 348
347 349
350 127
350 351
352 340
352 80
352 353
352 313
352 1
354 296
354 236
355 1
356 21
357 358
359 360
359 361
359 320
359 362
359 363
359 364
359 365
366 114
367 126
286 296
286 156
368 1
369 370
371 372
373 1
374 375
376 377
376 277
376 378
376 379
376 5
380 192
380 80
380 21
381 126
381 192
381 196
381 382
381 56
381 199
381 323
381 383
381 188
381 190
381 29
384 385
386 194
386 29
387 114
387 80
387 388
387 21
387 124
387 95
389 390
389 391
389 181
389 392
389 393
389 394
389 395
389 396
389 397
389 398
389 1
399 377
399 400
399 401
399 402
399 403
404 116
405 406
407 408
407 9
407 1
409 410
411 9
411 1
412 413
412 414
412 294
412 415
412 340
412 353
412 21
412 313
412 227
412 416
412 417
412 418
412 419
412 8
412 1
420 126
420 421
420 56
420 21
420 87
422 8
423 192
423 195
423 196
423 424
423 197
423 425
423 382
423 56
423 199
423 426
423 41
423 323
423 383
423 427
423 188
423 190
423 200
423 108
423 29
423 87
428 429
428 430
428 431
428 432
428 433
428 434
428 435
428 436
428 437
428 438
428 439
428 440
428 392
428 441
428 442
428 315
428 443
428 444
428 445
428 132
428 446
428 447
428 448
428 449
428 258
428 450
428 451
428 452
428 453
428 454
428 455
428 456
428 457
428 458
428 459
428 460
428 334
428 461
428 340
428 462
428 463
428 464
428 343
428 313
428 465
428 466
428 467
468 20
468 21
468 124
469 470
471 118
472 473
472 118
474 157
474 56
474 266
474 1
158 269
475 269
475 21
476 477
476 478
479 80
479 1
480 481
482 483
484 485
135 19
135 160
486 487
486 488
486 489
486 490
486 491
492 493
494 21
192 495
192 496
192 497
192 498
192 499
192 500
192 501
192 502
192 503
192 56
192 504
192 505
192 506
192 507
192 508
192 509
192 510
192 311
192 511
192 427
192 188
192 512
192 513
192 239
192 514
192 515
192 516
517 21
198 518
198 188
198 239
519 1
520 20
520 21
521 19
521 522
521 159
523 524
525 526
525 1
527 258
528 1
529 530
531 503
532 296
532 195
532 382
532 323
532 188
532 190
532 29
190 495
190 192
190 533
190 424
190 379
190 534
190 502
190 501
190 505
190 199
190 311
190 511
190 188
190 514
190 535
190 513
190 239
190 201
190 515
190 536
190 537
190 1
538 539
540 21
541 291
542 20
542 71
542 21
542 351
543 544
543 116
543 80
543 21
543 545
543 546
543 547
543 1
548 20
548 21
548 333
549 126
549 192
549 193
549 195
549 196
549 197
549 382
549 56
549 199
549 426
549 550
549 41
549 323
549 551
549 188
549 190
549 200
549 29
552 553
552 1
554 97
555 556
555 160
555 557
555 558
559 560
559 561
443 1
562 425
562 563
562 564
562 565
566 97
567 568
567 569
567 570
571 114
571 572
571 21
571 573
574 80
574 21
425 6
425 575
425 108
425 400
425 576
425 577
425 578
425 579
425 478
425 349
425 580
425 581
425 582
425 266
425 583
425 584
425 585
425 586
425 587
425 5
425 588
425 589
425 590
425 591
425 592
425 593
425 594
425 595
425 277
425 596
425 597
425 598
425 599
425 600
425 601
425 602
425 304
425 603
425 194
425 604
425 605
425 606
425 607
425 379
425 83
425 189
425 608
425 609
425 610
425 611
425 186
425 612
425 613
425 537
425 614
425 615
425 616
425 617
425 618
425 619
425 620
425 621
425 622
425 462
425 95
425 623
425 624
425 625
333 626
333 241
333 627
333 628
333 629
333 630
333 631
333 632
333 633
333 634
333 635
333 156
636 171
636 637
636 169
638 626
638 639
638 619
638 6
638 640
638 641
638 642
638 625
638 585
643 192
643 80
643 21
643 1
644 1
644 645
646 647
648 649
648 365
650 321
650 301
650 306
651 652
653 126
653 654
655 656
655 657
655 70
655 430
655 658
655 187
655 425
655 659
655 637
655 43
655 75
655 76
655 615
655 660
655 69
661 662
661 663
664 116
664 426
664 665
666 1
667 333
668 114
668 19
668 20
668 637
668 124
668 669
670 671
670 672
670 188
670 673
674 258
675 1
676 677
676 118
676 678
676 32
676 104
676 679
676 30
680 19
680 463
680 467
680 681
680 682
680 187
680 315
680 683
680 684
680 183
680 685
680 152
680 151
680 572
680 363
680 686
680 41
680 359
680 313
680 687
680 155
680 599
680 156
680 688
689 413
689 298
689 690
689 691
689 692
689 320
689 693
689 694
689 1
695 696
21 435
21 697
21 698
21 699
21 629
21 700
21 701
21 702
21 512
21 703
21 704
21 705
21 706
21 707
21 708
21 98
21 709
710 116
710 665
711 114
711 178
166 68
166 187
166 425
166 139
166 56
166 686
166 41
166 712
166 713
166 1
166 714
166 29
715 716
717 114
717 582
717 718
717 277
717 192
717 118
717 358
717 606
717 159
717 5
717 612
717 6
717 21
717 580
717 719
717 625
717 665
717 720
717 721
717 78
722 258
723 118
724 21
724 124
724 136
725 193
436 726
436 80
436 21
436 727
728 729
728 730
731 732
731 733
734 735
734 736
734 135
737 192
737 196
737 56
737 199
737 41
737 190
737 201
737 29
738 739
738 80
738 93
740 20
740 315
741 742
741 743
741 744
741 745
741 746
741 747
741 214
748 425
748 594
748 749
748 750
748 87
751 118
300 752
300 162
300 306
300 753
754 93
754 1
551 502
551 531
551 382
551 503
551 755
551 756
551 41
551 757
551 758
551 156
551 29
759 80
760 118
761 20
762 278
762 24
762 601
762 744
762 162
762 763
762 45
762 37
762 214
764 679
765 56
765 41
765 622
765 766
765 767
765 768
765 29
769 5
770 56
771 192
771 196
771 382
771 56
771 199
771 188
771 190
771 29
93 772
93 265
93 773
93 774
93 500
93 775
93 630
93 640
93 35
93 239
93 776
93 777
93 778
93 779
93 211
93 780
93 781
93 41
93 782
93 526
93 783
93 784
93 785
93 786
93 787
93 498
93 788
93 789
93 790
93 791
93 333
93 697
93 792
93 258
93 793
93 794
93 512
93 795
93 796
93 797
93 798
93 799
93 800
93 332
93 801
93 802
93 517
93 803
93 804
93 805
93 806
93 807
93 808
93 809
93 810
93 15
93 811
93 812
93 813
93 814
93 815
93 816
93 817
93 818
93 380
93 819
93 820
93 253
93 821
93 822
93 823
93 203
93 80
93 824
93 825
93 826
93 827
93 828
93 628
93 829
93 631
93 830
93 831
93 627
832 833
832 834
832 343
832 835
832 313
832 281
836 258
836 21
478 837
478 161
478 686
478 50
838 839
840 23
840 116
840 679
128 127
128 841
128 212
128 129
128 130
128 133
128 214
128 8
842 843
844 296
844 389
844 845
227 20
227 21
846 429
846 64
577 59
577 847
577 848
577 849
577 850
577 714
851 693
851 694
851 852
853 1
853 8
854 855
854 856
857 139
857 686
857 144
43 21
858 19
859 19
859 21
860 80
860 21
861 333
862 323
862 188
863 864
865 265
865 866
867 868
869 21
869 93
870 315
870 871
870 108
872 258
872 873
872 500
872 202
874 582
874 875
874 161
876 258
876 877
876 878
876 8
473 296
473 879
473 880
473 41
392 56
392 881
392 21
392 868
882 21
883 21
884 269
884 93
137 19
137 138
137 116
137 80
137 885
137 686
137 15
137 886
887 194
887 379
887 888
887 56
887 889
887 6
887 640
887 616
887 890
887 587
887 1
887 29
891 4
891 678
892 41
893 894
893 895
893 199
893 188
893 190
896 691
896 693
896 694
896 1
897 21
898 41
735 135
899 80
900 139
900 8
901 116
902 903
902 904
905 114
905 20
905 116
905 21
905 8
750 470
750 906
750 275
907 97
907 21
907 98
908 21
462 189
909 910
911 114
911 296
911 21
912 492
912 913
912 1
914 915
916 80
917 24
917 278
917 918
917 919
917 920
917 921
917 629
917 56
917 922
917 923
917 82
917 924
917 925
917 29
917 149
926 21
926 8
927 114
927 928
927 929
927 130
927 56
927 112
927 21
927 576
927 839
927 1
927 29
930 56
930 333
930 29
929 574
429 71
429 64
429 313
429 351
14 1
662 663
307 931
307 162
307 1
932 933
932 499
932 934
932 56
932 615
932 935
932 29
936 21
937 21
430 459
430 431
938 939
940 21
426 192
426 197
426 501
426 502
426 506
426 199
426 509
426 941
426 188
426 239
426 515
426 200
942 20
942 265
942 21
942 333
768 943
768 327
768 365
218 217
218 220
218 219
218 224
827 944
945 19
569 946
947 5
947 6
947 25
73 71
73 74
73 76
73 338
73 8
948 80
949 21
949 8
950 114
950 20
950 21
950 124
647 951
647 235
647 181
647 236
647 952
647 953
811 21
954 258
955 443
955 173
956 598
207 157
207 957
207 958
207 959
207 960
207 922
207 282
207 480
207 291
207 1
105 961
105 962
105 269
105 963
105 964
105 97
105 21
105 965
105 1
105 966
941 192
941 197
941 116
941 56
941 199
941 188
941 190
941 200
941 29
967 21
968 868
969 317
969 8
970 80
970 971
970 337
972 258
973 324
973 1
974 388
606 485
606 206
606 187
606 975
606 976
606 977
606 594
606 837
606 978
606 979
606 162
606 980
606 981
606 714
606 29
982 983
982 61
982 557
982 160
982 555
982 766
982 984
982 1
985 127
986 97
987 21
987 333
988 989
988 990
988 991
988 992
988 1
993 193
993 994
993 50
993 200
600 19
600 995
600 187
600 976
600 996
600 997
600 998
600 624
600 660
999 21
1000 21
1000 1
124 1001
124 463
124 331
124 211
124 1002
124 20
124 1003
124 1004
124 697
124 1005
124 1006
124 1007
124 1008
124 1009
124 1010
124 548
124 1011
124 1012
124 1013
124 1014
124 1015
124 701
124 1016
124 1017
124 18
124 1018
124 1019
124 797
1020 1
1021 21
1021 8
458 114
458 23
458 389
458 56
458 1022
458 881
458 41
458 21
458 932
458 868
458 29
458 483
1023 499
1023 1024
1023 688
1025 21
1026 97
1027 192
1027 196
1027 21
1027 95
1028 470
1029 665
1030 49
1031 21
1032 1033
1034 118
1034 93
1034 15
1034 9
1035 11
1035 217
1035 220
1035 219
1035 686
1035 1036
1035 224
1035 215
1037 21
1038 1039
831 56
831 1040
514 198
514 56
514 21
514 757
514 188
1041 56
1042 80
1043 296
1043 20
1043 56
1044 21
818 21
818 1
72 21
1045 116
1046 116
497 20
497 21
1047 258
843 1048
843 1049
470 1050
470 1051
470 1052
1053 524
306 305
64 80
1054 80
1055 1056
694 157
694 298
694 1057
694 297
694 474
694 1058
694 1059
694 1060
694 1
1061 21
1062 258
1063 931
1064 931
1064 1063
1065 21
1066 21
360 1067
360 684
1068 20
189 626
189 375
189 379
189 575
189 1069
189 5
189 349
189 478
189 589
1070 1071
1070 1072
1070 41
1070 1073
1070 1
220 217
220 219
220 222
220 1074
220 1075
220 223
220 224
220 225
1076 258
1077 1063
1077 931
1077 1078
1079 1080
1079 1081
1079 1082
1083 126
1083 56
1083 756
1083 41
1083 29
1084 71
1084 80
1084 21
1084 351
1085 377
1086 192
1087 21
1087 189
1087 483
1088 1089
416 71
416 630
416 21
416 227
416 351
416 635
200 495
200 502
200 501
200 895
200 506
200 509
200 188
200 239
200 514
200 515
1090 665
1091 80
1092 492
1092 1093
1092 1
1094 126
1094 1067
1094 559
1094 1095
1094 56
1094 41
1094 21
1094 1
1094 29
1094 1096
1097 97
1098 343
1098 116
1098 52
1099 181
1099 389
1099 1100
1099 133
1101 563
915 1102
915 1103
915 1104
915 21
915 364
915 1
915 1105
87 1106
87 265
87 185
87 1107
87 736
87 1108
87 1109
87 1110
87 1111
87 1112
87 1113
87 1114
87 239
87 1115
87 1116
87 1117
87 1118
87 1119
87 238
87 1120
87 1121
87 1095
87 995
87 1122
87 755
87 778
87 1123
87 1124
87 1125
87 1126
87 1127
87 998
87 1128
87 1129
87 1130
87 1131
87 328
87 1132
87 990
87 132
87 139
87 1133
87 1134
87 1135
87 1136
87 1137
87 1138
87 1139
87 1140
87 1141
87 589
87 1142
87 9
87 1143
87 490
87 1144
87 1055
87 1145
87 1146
87 1147
87 1148
87 1149
87 991
87 361
87 1150
87 1151
87 1152
87 1153
87 49
87 890
87 1154
87 891
87 1155
87 1156
87 1157
87 1158
87 1159
87 1160
87 296
87 1161
87 1162
87 15
87 887
87 1163
87 1164
87 1165
87 1166
87 1167
87 609
87 501
87 365
87 1168
87 613
87 205
87 942
87 1169
87 214
87 1170
87 80
87 1171
87 320
87 1172
87 156
87 622
87 362
87 1173
87 681
87 1019
87 1174
87 844
87 515
87 532
87 633
87 383
87 1175
87 1062
87 1096
87 1176
87 637
87 326
87 1177
87 631
87 831
87 1178
87 1043
87 1179
87 1180
1181 21
1181 1
1182 80
1182 21
1183 278
1184 114
1184 20
1184 1185
1184 382
1184 1186
1184 21
1187 21
1187 1188
1189 1190
1191 29
1192 127
1193 21
1193 721
1194 1195
1194 340
1194 21
1194 1196
1194 1197
1194 1
1198 1199
1200 21
718 1201
718 278
718 5
718 6
718 1202
718 95
718 122
152 20
152 1203
152 1204
152 681
152 343
152 335
152 1205
152 528
152 572
152 363
152 313
152 154
152 155
152 1206
152 305
152 1
1207 406
1207 108
1208 1033
1208 1209
1208 889
1208 5
1208 612
1208 6
1208 273
1208 21
1208 817
1208 1210
1208 78
1208 98
1211 1212
1213 1
1213 1214
1215 1216
1215 1150
1215 485
1215 1217
1215 1218
1215 878
1215 95
1177 73
1177 80
1177 721
1177 155
1177 1
1219 1220
1219 1221
1219 87
1222 1223
1222 931
1222 1064
1222 1063
1222 1224
1222 1225
1222 320
1222 583
1222 1226
1227 21
1227 93
1228 1229
1228 389
1228 845
1228 1230
1231 1216
1231 485
1231 1232
1231 482
1231 1233
1231 1132
1231 878
1234 296
1234 1229
1234 389
1234 1235
1234 41
1234 845
1234 1236
1234 1230
1234 29
1234 87
1237 1238
1239 19
1239 21
1239 15
1240 97
1240 1241
1240 1075
1242 269
1243 269
1243 1244
1245 59
1245 1246
1245 604
1245 1247
1245 679
1248 270
222 224
1249 382
1249 21
1249 383
1250 425
1250 1251
1250 21
1250 669
1250 108
1252 801
1252 1218
1252 1253
1252 1254
1252 313
1252 489
1252 1118
1252 1255
1252 491
1252 62
1256 21
1257 686
1258 1259
1258 1260
1258 1261
1258 307
545 1262
1263 114
1263 21
1263 1
1264 686
1264 21
1265 21
1265 119
1266 269
1267 1268
50 379
50 924
1269 97
1269 333
1269 93
1270 1271
1270 686
1272 1273
1274 21
1274 93
1275 269
155 277
155 614
155 626
155 1203
155 681
155 375
155 379
155 991
155 595
155 1276
155 584
155 5
155 287
155 6
155 1205
155 151
155 363
155 1277
155 622
155 625
155 591
155 317
155 1278
155 624
155 108
155 478
155 589
155 156
1279 21
1280 21
971 837
1281 269
1281 21
553 192
553 193
553 534
553 197
553 934
553 199
553 686
553 41
553 1282
553 941
553 190
553 200
553 476
553 29
1283 21
1284 21
1285 600
1285 995
1285 606
1285 1286
1285 5
1285 6
1285 395
1285 41
1285 21
1285 333
1285 924
1285 673
1285 25
1285 998
1285 156
1285 624
1285 660
841 130
38 983
38 57
38 66
38 929
38 985
38 160
38 1287
38 1288
1289 686
1289 1290
1289 545
1291 296
1291 250
1291 837
1291 686
1291 93
1291 253
1291 1292
1293 556
1251 5
1294 41
419 413
419 226
1295 1296
1297 413
1297 437
1297 340
1297 80
1297 353
1297 1298
1297 1197
1297 1299
1297 1
1300 1301
1300 1302
1303 269
1303 1251
1015 20
1015 21
1304 614
1304 1305
1306 406
1306 1307
1306 915
1179 1308
581 19
581 837
581 161
581 1309
1310 377
1310 985
1310 116
1310 1311
1310 21
1310 553
1310 1312
1310 207
1313 269
1314 742
1315 269
1316 20
1316 71
1316 41
1316 29
266 1317
266 686
1318 97
1319 56
1319 1320
1321 80
1321 21
683 681
683 682
683 1322
683 1323
683 1324
683 780
683 1171
683 1325
683 599
683 1326
1327 1328
1327 56
1327 41
1327 1329
213 71
213 1330
213 605
1331 1332
1331 80
1331 21
1331 333
1331 178
1333 41
1333 190
1333 201
1333 29
1334 80
1334 5
1334 21
1116 1335
1336 626
1336 8
114 1337
114 142
114 1338
114 18
114 316
114 435
114 240
114 1339
114 1340
114 440
114 1341
114 1342
114 1343
114 1010
114 977
114 1344
114 1345
114 788
114 1283
114 1346
114 1015
114 1347
114 634
114 697
114 258
114 1280
114 542
114 1006
114 1016
114 1264
114 1348
114 1349
114 1156
114 1350
114 1279
114 804
114 1003
114 1351
114 1352
114 1353
114 1354
114 699
114 510
114 1355
114 814
114 535
114 1008
114 1004
114 989
114 1356
114 1013
114 1357
114 1358
114 343
114 684
114 1062
114 631
1359 269
1359 1
1360 20
1360 1214
1361 80
1361 21
1362 192
1362 199
1362 21
1362 188
1362 190
848 849
848 850
108 19
108 51
108 1363
108 1364
108 235
108 187
108 64
108 1322
108 594
108 503
108 406
108 5
108 6
108 733
108 621
108 1365
108 1366
108 1367
108 1368
108 1078
108 706
108 189
108 1369
108 910
108 660
108 589
1370 187
1370 1371
1370 161
1002 114
1002 19
1002 20
1002 21
1372 1
1373 114
1373 875
1374 1375
1376 868
1377 1378
1377 486
1377 29
1377 62
1379 915
1380 20
1380 406
1380 124
1381 258
195 1382
195 495
195 533
195 440
195 502
195 501
195 199
195 632
195 1129
195 1343
195 188
195 941
195 1130
195 514
195 239
195 1019
195 515
195 1383
195 29
195 536
1384 1385
1384 97
1386 21
1386 1
1387 428
1388 1389
62 350
62 1390
62 487
62 1378
62 343
62 801
62 1391
62 1392
62 488
62 138
62 56
62 1134
62 1253
62 486
62 1393
62 313
62 490
62 525
62 1118
62 29
62 1383
62 8
1394 56
1394 41
1394 29
1395 828
1395 1396
1397 983
1397 1398
1397 160
1397 555
1397 982
1397 558
1397 984
144 139
144 8
1399 1400
1399 878
1399 1401
1402 21
1403 192
1403 424
1403 196
1403 199
1403 665
1403 188
1403 1128
1403 190
1404 126
1404 20
1404 315
1404 323
1404 388
1404 29
55 584
55 1405
55 8
1406 1407
1406 1408
1409 114
1409 20
1409 1410
1409 21
1409 124
1411 1397
1411 1412
1411 1413
1411 684
1411 359
1411 1414
1411 1039
1411 1415
1411 8
808 526
808 21
808 525
1416 1417
1416 80
1416 21
1416 8
1418 269
1419 448
1419 118
1419 648
1419 328
1419 649
1419 1420
1419 329
1419 455
1419 665
1419 1421
1419 768
1419 1113
1419 447
1419 365
677 1308
677 23
677 4
677 671
677 161
677 254
677 679
677 1
15 466
15 1422
15 1423
15 1002
15 440
15 358
15 229
15 1424
15 1425
15 140
15 138
15 1426
15 80
15 135
15 917
15 859
15 1346
15 1427
15 21
15 1428
15 1429
15 814
15 1430
15 1431
1432 661
1432 663
1432 1433
59 1434
59 1435
1436 1437
1436 1438
1436 557
1436 555
1436 696
1436 665
1436 1439
1436 580
1436 1440
1436 87
1436 1441
1442 1
1443 5
534 20
534 486
534 21
534 188
1444 1445
1444 1446
275 1033
275 5
275 817
275 1210
275 98
201 495
201 379
201 56
201 514
201 536
1447 258
1448 20
1448 71
1448 80
463 390
463 296
463 71
463 56
463 21
463 622
463 351
463 1449
219 222
219 224
1450 21
271 161
1356 20
1356 21
1451 921
1451 116
1451 686
1451 8
1452 1453
1452 41
684 390
684 296
684 80
684 21
684 365
537 192
537 976
1454 391
1454 1455
1454 1456
1454 1457
1454 1
1458 671
1117 126
1117 296
614 269
614 686
614 275
1459 20
1460 1
1461 497
1461 328
1461 5
1461 6
1461 1462
1461 1463
1461 95
1464 1465
1464 1466
1464 78
1467 413
1468 608
1468 611
1469 41
203 23
203 1470
203 1471
203 1472
1349 80
1349 21
1349 1
118 1473
118 1301
118 429
118 854
118 1474
118 1475
118 1462
118 1476
118 1477
118 1338
118 1272
118 32
118 1089
118 1478
118 856
118 733
118 1479
118 1480
118 289
118 0
118 432
118 1291
118 1073
118 1481
118 1482
118 1483
118 1484
118 1485
118 434
118 1486
118 840
118 1487
118 1113
118 1488
118 1489
118 1369
118 239
118 1490
118 435
118 922
118 1491
118 1114
118 1115
118 1492
118 1435
118 1193
118 579
118 1493
118 104
118 1494
118 1495
118 19
118 174
118 1496
118 1497
118 1498
118 1499
118 1500
118 1289
118 1501
118 478
118 1095
118 1502
118 1503
118 1504
118 1292
118 1505
118 1506
118 1507
118 867
118 1508
118 879
118 1509
118 1302
118 766
118 1510
118 1511
118 1512
118 1513
118 573
118 1514
118 328
118 1515
118 977
118 1516
118 1276
118 1517
118 445
118 294
118 881
118 444
118 1271
118 1518
118 1366
118 421
118 1519
118 447
118 1520
118 359
118 1521
118 279
118 1522
118 448
118 1523
118 639
118 1524
118 390
118 1525
118 1526
118 1527
118 1528
118 792
118 258
118 793
118 207
118 1529
118 1530
118 968
118 1531
118 730
118 489
118 1148
118 795
118 1532
118 1149
118 397
118 1533
118 451
118 1150
118 389
118 1032
118 318
118 936
118 412
118 1534
118 194
118 768
118 370
118 1420
118 1535
118 491
118 855
118 454
118 337
118 319
118 1412
118 1536
118 395
118 1537
118 891
118 455
118 1538
118 456
118 1157
118 1539
118 880
118 1540
118 1541
118 1202
118 1542
118 1093
118 705
118 1543
118 885
118 1544
118 1545
118 1546
118 1547
118 1197
118 22
118 329
118 322
118 1257
118 1160
118 1548
118 1549
118 1550
118 15
118 473
118 1551
118 137
118 425
118 189
118 148
118 352
118 1552
118 1553
118 699
118 1166
118 1167
118 649
118 1554
118 29
118 1071
118 391
118 1555
118 1317
118 461
118 818
118 1556
118 365
118 1557
118 516
118 1558
118 1559
118 1560
118 1561
118 30
118 1562
118 340
118 56
118 1013
118 10
118 58
118 677
118 1037
118 644
118 560
118 1563
118 653
118 1424
118 463
118 1564
118 975
118 1450
118 837
118 343
118 464
118 679
118 1565
118 932
118 860
118 550
118 684
118 1566
118 1567
118 1568
118 1334
118 1569
118 1570
118 1571
118 1096
118 1176
118 305
118 364
118 1230
118 499
118 648
118 1572
118 23
118 1011
118 908
118 1573
118 1022
118 1574
118 1297
118 642
118 1575
118 1018
118 1180
118 926
1576 126
1576 21
1576 146
1576 29
1577 1
1578 80
1578 1
951 903
151 363
151 305
151 156
1579 277
1579 4
1579 595
1579 5
1579 6
1579 3
1579 580
1579 625
1579 589
1580 1
1581 659
1582 19
1582 1583
1582 15
1582 1584
1585 192
1585 80
1585 21
1585 1
1586 1022
1586 1587
1586 881
1586 1277
467 126
467 10
467 296
467 681
467 443
467 28
467 1588
467 140
467 362
467 41
467 323
467 21
467 124
467 1
467 29
580 657
580 983
580 1397
580 1488
580 887
580 4
580 556
580 59
580 1438
580 61
580 187
580 847
580 1398
580 837
580 160
580 557
580 733
580 161
580 1589
580 555
580 1590
580 686
580 1591
580 604
580 982
580 637
580 610
580 155
580 33
580 1529
580 50
580 189
580 910
580 984
580 1592
580 106
580 108
580 1441
1593 1594
1593 910
1595 21
1596 269
1596 1
1597 21
1597 95
1598 463
1598 1477
1598 1412
1598 319
1598 684
1598 939
1598 445
1598 359
1598 665
1598 1599
1598 318
1600 559
1600 1534
1600 1
103 1293
103 1589
103 696
103 291
1601 21
1601 721
1602 813
1602 917
1602 21
1602 665
1602 333
1602 1599
1602 95
1603 463
1603 1604
1603 1605
1603 1606
1603 1449
1603 1123
1607 23
1607 118
1607 1089
1607 679
1608 1491
1608 1609
1608 425
1608 665
1608 1610
1608 108
1608 87
1608 8
1611 315
1611 1371
1611 56
1611 41
1611 21
1611 637
1611 29
1612 686
1613 114
602 187
602 686
602 189
602 910
602 615
602 108
1614 157
1614 298
1614 896
1614 691
1614 692
1614 693
1614 65
1614 297
1614 474
1614 851
1614 694
1614 1615
1614 1039
1614 852
1614 303
1614 1616
1614 1060
1614 1617
1614 689
864 1618
864 15
814 19
814 21
1619 192
1619 196
1619 199
1620 20
302 350
302 93
302 189
280 277
280 542
280 1621
1622 684
1622 359
582 1623
582 19
582 466
582 600
582 607
582 975
582 64
582 1624
582 960
582 67
582 5
582 161
582 590
582 596
582 611
582 332
582 537
582 714
1625 1
209 962
209 965
209 105
1626 483
1627 192
1627 193
1627 196
1627 197
1627 198
1627 56
1627 199
1627 426
1627 41
1627 188
1627 190
1627 200
1627 201
1627 29
1292 296
1292 21
444 114
444 1628
444 21
444 93
444 456
1629 20
1630 127
1630 927
1630 985
1630 74
1631 21
1632 922
1633 93
1633 15
1634 56
1634 686
1634 41
1634 29
1635 20
1535 71
1535 21
1535 93
1535 8
992 114
992 19
992 20
992 21
992 15
992 1
251 161
251 254
1636 41
1636 29
296 1637
296 1638
296 1639
296 1640
1641 269
1641 5
1642 192
1642 196
1642 197
1642 382
1642 56
1642 199
1642 426
1642 41
1642 188
1642 190
1642 200
1642 29
1492 679
1492 1
635 21
635 227
1643 815
561 56
1644 294
1645 21
1645 227
1645 1
1645 1646
1647 192
1647 196
1647 382
1647 56
1647 199
1647 323
1647 188
1647 190
1647 29
1648 21
1648 15
1649 41
1650 1651
1652 78
1652 1024
1652 688
1653 269
85 1654
85 84
85 1634
1154 296
1655 271
1656 413
1656 419
1462 80
1462 21
1494 192
1494 80
1494 21
1494 1
1657 19
1657 1067
1657 1195
1657 690
1657 116
1657 382
1657 80
1657 1658
1657 1651
1657 21
1657 15
1657 333
1657 1659
1657 124
1657 178
1164 116
1660 269
1661 114
1661 20
1661 21
1661 124
303 157
303 89
303 220
303 693
303 474
303 300
303 1615
303 694
303 1039
303 215
303 306
187 375
187 837
187 5
187 622
187 1367
187 478
1662 924
1662 1663
146 1550
146 429
146 900
146 139
146 392
146 1587
146 67
146 1664
146 733
146 41
146 1376
146 144
146 868
146 189
146 29
146 8
1665 573
1666 297
1666 1290
1667 879
1667 640
1667 686
1667 890
1667 1668
1667 1669
1667 585
1670 21
27 126
27 1095
27 28
27 1459
27 41
27 1145
27 29
90 11
90 89
1375 709
28 126
28 1095
28 1459
28 41
28 1145
28 530
28 1671
28 29
279 50
1672 1
328 365
977 601
977 5
977 6
977 1040
1673 192
1673 80
1673 21
1673 1
778 21
145 21
1674 915
933 56
678 23
678 4
221 217
221 219
221 8
1506 5
1506 6
1506 1675
440 20
440 56
440 80
440 265
440 21
440 29
1113 943
1113 296
1113 56
1113 327
1113 709
1113 365
1396 19
1396 21
1396 8
1615 1039
1615 8
688 1676
688 1677
688 291
688 1024
879 658
879 1534
879 354
879 1
1341 470
1341 1051
1341 21
1678 21
1678 1
1679 1022
1126 56
1126 29
1680 1075
1681 114
1681 21
946 521
946 888
946 116
946 5
946 21
97 6
97 1682
97 1683
97 1684
97 1359
97 1685
97 1686
97 1687
97 1688
97 1689
97 8
97 1052
97 1690
97 1691
97 1692
97 709
97 1693
97 1694
97 1695
97 1696
97 1697
97 1698
97 294
97 1699
97 1260
97 1700
97 342
97 1701
97 1702
97 1703
97 1704
97 1705
97 1706
97 1707
97 1708
97 1709
97 1710
97 688
97 1711
97 1712
97 1713
97 1389
97 1714
97 1715
97 1716
97 1717
97 1718
97 1719
97 1720
97 1721
97 1722
97 1723
97 1724
97 1210
97 1725
97 1726
97 535
97 1727
97 1728
97 1729
97 1033
97 1730
97 1731
97 1732
97 470
97 1733
97 1734
97 275
97 1735
97 1736
1737 269
1737 1408
1738 1739
1738 1039
1740 317
353 413
353 1423
353 435
353 1741
353 417
353 1
1742 1743
1742 1744
1742 1024
1745 1746
204 1747
204 1748
1383 1623
1383 5
1383 265
1383 486
1383 21
1383 333
1383 29
1749 1251
1749 21
1750 118
1750 1408
1751 1752
1751 343
1751 269
1751 129
1751 382
1751 1753
1751 1754
1751 313
1751 416
1751 1755
1756 1757
1378 487
1378 534
1378 488
1378 1134
1378 265
1378 486
1378 1393
1378 490
174 171
1758 269
1758 97
1759 269
1760 195
1760 20
1760 265
1760 333
1760 29
1761 1100
1761 665
1762 1763
1762 277
1762 1764
1762 194
1762 1583
1762 1765
1762 920
1762 1469
1762 578
1762 602
1762 400
1762 6
1762 1766
1762 186
1762 580
1762 625
1762 1767
1762 1768
1762 1769
1762 226
1762 610
1762 1770
1762 146
1762 513
1762 1231
1762 1250
1762 215
1762 603
1762 587
1762 585
1762 1771
1762 598
1762 589
1763 887
1763 1772
1763 161
1763 679
1763 108
1773 470
1773 21
1774 118
1774 1775
1776 118
1776 340
1776 1196
1776 1197
1776 95
1776 1
1777 1
1778 657
1778 837
1779 665
1780 1781
1780 1583
1780 56
1780 1056
1780 41
1780 932
1780 25
1780 1782
1780 351
1780 669
1780 1562
1780 1055
1780 1383
1780 385
1780 29
1783 1151
1783 1739
1783 1039
1783 1784
1785 371
1786 1787
1786 296
1786 87
453 406
453 637
1788 41
1788 93
1789 187
1789 1251
1789 116
1789 1594
1789 161
1789 717
1790 118
1791 1
1792 1793
1792 1794
1795 180
1795 1796
1795 1797
1795 1798
1795 1293
1795 52
1795 1799
1795 135
1795 1628
1795 1800
1795 202
1795 1801
1795 1440
1795 1802
1795 8
1795 1273
1803 466
1803 1001
1803 1804
1803 126
1803 193
1803 194
1803 20
1803 668
1803 315
1803 382
1803 56
1803 80
1803 1396
1803 1805
1803 41
1803 1651
1803 388
1803 21
1803 383
1803 665
1803 1428
1803 932
1803 188
1803 18
1803 669
1803 1806
1803 95
1803 29
1803 814
886 80
1807 21
1505 21
1505 868
1808 1809
1810 1781
1810 1780
1810 1811
1810 56
1810 1056
1810 21
1810 932
1810 1812
1810 25
1810 1782
1810 1562
1810 1383
1810 29
1810 385
1813 1
1813 156
1814 258
1302 1663
1385 509
1815 21
1816 1459
1817 1040
1339 20
1339 21
1339 1
1449 335
660 995
660 1818
660 116
660 996
660 837
660 997
660 43
1569 80
506 116
506 21
506 188
1819 523
733 1820
733 5
733 924
1821 269
451 1588
451 124
451 1449
628 21
1150 377
1150 485
1150 116
1150 93
1150 878
1150 8
1150 1822
1823 1824
1825 56
1826 228
1827 1828
1827 76
830 317
830 1
1224 504
1224 56
1224 1829
1224 1830
1224 1651
1224 749
1224 1831
1832 464
1832 1039
1833 1
1834 114
1835 1290
1835 1836
1837 126
1837 41
1837 8
1424 71
1424 8
1838 1378
1838 265
1838 486
1838 1393
1838 62
1839 1
975 1840
975 5
975 1841
1842 97
1241 1322
1241 663
1241 1686
1241 316
1241 478
1241 1695
1241 97
1241 1698
1241 5
1241 1521
1241 301
1241 592
1241 1843
1241 1844
1241 277
1241 1365
1241 744
1241 1280
1241 752
1241 601
1241 1845
1241 1846
1241 1326
1241 606
1241 1847
1241 1848
1241 210
1241 906
1241 54
1241 1849
1241 278
1241 1033
1241 1850
1241 128
1241 1851
1241 1852
1241 1853
1241 762
1241 1178
1241 916
1241 66
1854 57
1854 66
1854 1676
1854 116
1854 1855
1854 207
1854 30
1856 1
1857 684
953 952
953 1858
1859 586
1859 277
1859 1543
1859 833
1859 521
1859 601
1859 194
1859 1467
1859 888
1859 1860
1859 608
1859 569
1859 1861
1859 1862
1859 624
1199 157
1199 1863
1199 158
1199 102
49 878
49 1401
49 58
49 8
49 1822
1864 21
1865 345
1866 1867
1868 370
1869 192
1869 196
1869 56
1869 199
1869 323
1869 188
1869 190
1869 29
1218 1752
1218 350
1218 1870
1218 1658
1218 871
1218 1871
1218 610
1218 189
1218 62
1872 21
1872 1
455 649
455 684
455 359
455 365
1583 19
1583 1422
1583 1423
1583 1873
1583 229
1583 1874
1583 1657
1583 1875
1583 316
1583 629
1583 1056
1583 135
1583 1876
1583 859
1583 1648
1583 1346
1583 1877
1583 1878
1583 1782
1583 25
1583 1562
1583 1879
1583 814
1583 108
363 684
363 154
1880 1881
1880 333
1880 178
1882 296
1882 97
1883 454
1883 284
1883 924
1883 95
1884 813
1884 500
1884 888
1884 1885
1128 192
1128 196
1128 424
1128 197
1128 1886
1128 199
1128 426
1128 1887
1128 21
1128 665
1128 188
1128 941
1128 190
1128 200
1888 1889
1888 1890
1891 161
1891 1892
1891 1068
1893 114
1893 21
1894 1895
1894 126
1894 71
1894 1896
1894 1427
1894 21
1894 29
1897 114
1897 20
1897 21
1897 124
1897 669
1897 178
1898 1899
141 126
141 56
141 80
141 313
141 214
1900 126
1900 192
1900 193
1900 196
1900 671
1900 198
1900 382
1900 56
1900 199
1900 41
1900 323
1900 383
1900 188
1900 190
1900 201
1900 1
1900 29
1901 1686
111 466
111 1902
111 1400
111 927
111 877
111 1233
111 878
111 610
1903 20
1904 192
1904 196
1904 199
1905 1906
1905 1907
1905 678
1905 1747
1905 173
1905 1748
1905 21
1905 204
1905 1908
1905 1909
1910 5
1910 6
1911 1241
1911 97
1805 114
1805 19
1805 20
1805 21
1912 833
1913 118
1913 340
1913 1196
1913 1741
1913 1197
1913 1
1913 1914
1915 97
1916 1917
1916 1918
1916 21
1919 1920
1919 848
1919 849
1919 1921
1919 850
1919 1922
1919 577
1923 1924
1923 137
1923 1426
1923 80
1923 885
1923 62
1925 41
1925 21
1926 56
1926 41
1926 21
1926 62
1927 8
1928 1583
1929 206
1930 686
1931 626
1931 296
1931 1406
1931 64
1931 1367
161 1932
161 252
1933 97
1934 437
1934 352
1934 340
1934 1367
1934 1196
1934 1197
1934 1
1934 1914
142 20
1153 192
1153 193
1153 196
1153 197
1153 199
1153 426
1153 41
1153 188
1153 190
1153 200
1153 1142
1153 29
1935 114
1935 20
1935 382
1935 1881
1935 21
1935 383
1935 669
1935 178
1935 1
1936 20
1937 498
1938 1939
1938 52
1938 917
1940 258
148 114
148 1067
148 21
148 333
744 928
744 601
744 37
188 501
188 502
188 1941
188 539
188 513
1942 1
1033 98
1943 1944
1943 1775
1441 1945
1441 1437
1441 296
1441 1438
1441 1946
1441 1947
1441 557
1441 1589
1441 555
1441 982
1441 1948
1441 1439
1441 679
1441 1949
1441 1950
1441 558
1441 106
1441 1158
1478 21
813 114
813 1951
813 500
813 80
813 629
813 1952
813 21
813 855
813 1
456 348
456 1108
456 1628
456 347
456 305
1953 21
1954 915
816 192
483 1853
1955 192
1955 193
1955 196
1955 197
1955 199
1955 426
1955 41
1955 188
1955 190
1955 200
1955 1
1955 1142
1955 29
74 76
12 1
1040 709
1956 1957
1956 281
656 582
656 277
656 278
656 1958
656 600
656 379
656 888
656 608
656 5
656 6
656 161
656 1959
656 266
656 577
656 537
1299 413
1299 340
1299 353
1299 412
1299 21
1299 313
1299 227
1299 1197
1299 417
1299 419
1299 1
1299 1646
1960 1961
1962 21
1963 709
1964 269
815 1375
815 1963
815 709
1824 1965
1824 1966
1824 1967
1824 1968
301 1852
301 376
301 300
301 686
301 1969
301 303
301 304
301 305
301 306
301 753
301 1970
1971 19
704 116
1972 114
1972 296
1972 1
1522 80
243 20
304 19
304 187
304 837
304 300
304 155
304 714
304 753
1743 358
1743 1973
1743 238
1743 291
1743 1024
1743 1
1974 190
1975 296
1766 837
1766 161
1766 1976
1766 917
1766 1464
1589 983
1589 1437
1589 559
1589 691
1589 286
1589 1977
1589 56
1589 41
1589 982
1589 679
1589 765
1589 984
1589 767
1589 1671
1589 29
1978 1979
1588 463
1588 445
1980 93
1876 1981
592 686
592 189
592 714
1982 1983
1982 1625
1982 1
515 188
1984 21
1985 97
1986 1870
1986 5
1986 21
1986 8
1987 1258
1987 97
1988 485
1988 1107
1988 606
1988 1989
1988 484
1990 21
1990 93
1990 483
1329 933
1329 1991
1329 56
1329 1757
1329 1155
1329 1992
1329 41
1329 932
1329 1993
1329 914
1329 1775
1860 1994
1860 297
1860 1290
1860 178
1860 1836
1860 1024
1860 1
1995 114
1995 21
1996 1691
1996 1276
1996 1
1997 97
1863 66
1863 1977
1863 694
1998 815
1998 1
1998 709
1999 258
1999 364
1999 1
2000 296
1511 943
1511 617
1511 622
1511 596
1511 327
1511 2001
2002 2003
2004 126
2004 20
2004 2005
2004 116
2004 56
2004 41
2004 21
2004 333
2004 29
2006 193
2006 195
2006 1428
2006 190
2006 200
2007 126
2007 8
1493 71
1493 21
1493 1040
1493 1312
1493 351
1109 192
1109 196
1109 199
1109 188
1119 681
1119 684
1119 885
1119 2008
1119 363
1119 359
1119 265
1119 1171
1119 156
2009 406
2010 258
2010 21
2011 1488
2011 2012
2013 1
594 19
594 187
594 2014
594 2015
594 5
594 6
594 2016
594 189
594 910
890 296
890 56
890 640
890 21
890 1
890 29
1326 1323
1531 23
1531 1
2017 21
2018 1062
127 928
127 841
127 71
127 116
127 130
127 56
127 5
127 313
127 351
127 8
4 379
4 1747
4 595
4 837
4 2019
4 108
4 589
2020 686
1003 20
45 24
45 601
45 2021
45 2022
206 21
2023 269
2023 2024
2025 843
1501 21
1501 50
2026 269
2027 334
2027 336
2028 2029
2030 89
1793 2031
1793 56
2032 2033
1144 56
1144 265
1144 21
1144 29
1144 8
2034 1944
2035 470
2035 97
2035 1
2036 56
2036 29
583 931
583 1415
2037 2038
2037 2039
415 340
781 463
781 684
781 21
781 364
578 97
2040 29
2041 1308
2041 230
2041 2042
2041 41
2041 228
2041 30
2043 690
2043 2044
2045 1994
2045 2046
2045 1044
2045 2047
2048 1
2049 1
119 626
119 1407
119 2050
2051 1920
2051 1412
2051 1919
2051 848
2051 1921
2051 849
2051 850
2051 1922
2051 577
2052 350
2052 743
2052 2053
2052 747
2054 21
1476 481
1476 2055
1476 480
1476 8
1587 647
1587 236
1587 1022
1587 881
1587 1277
1587 868
2056 1605
2056 1606
2056 1603
104 879
104 2057
2058 42
32 104
32 679
2059 269
438 114
438 195
438 56
438 80
438 572
438 265
438 41
438 21
438 932
438 29
1500 56
1500 679
1500 364
1500 29
2060 258
2060 388
2060 21
2061 89
2061 1405
2062 470
2062 2063
2064 721
1646 192
1646 413
1646 80
1646 630
1646 287
1646 412
1646 1312
1646 227
1646 226
1646 416
1646 417
1646 1
1646 419
1646 635
2065 21
2066 269
2067 2068
2069 1229
2069 389
2069 363
2069 152
2069 845
2069 1230
2069 398
2070 80
2070 388
2070 21
2070 721
2071 1
149 2016
1820 1840
2072 296
2073 269
526 21
526 1
1343 21
1533 80
1533 21
2074 5
589 19
589 187
589 847
589 837
589 686
589 910
2075 20
1130 56
1130 21
505 116
505 188
505 1
1515 21
639 20
1516 20
1516 1963
1516 56
1516 868
2076 296
626 375
626 80
626 364
626 910
1368 187
1689 98
294 258
294 871
294 231
217 1764
217 219
217 222
217 2077
217 224
217 2078
217 225
291 1676
291 1385
291 2079
291 2080
291 1973
291 2081
1747 1748
976 21
976 266
558 61
558 160
960 2082
960 2083
1695 21
2084 269
2085 20
2085 8
1105 20
1105 21
2086 116
758 192
758 199
758 190
758 29
2087 21
2088 1022
2089 5
828 2090
828 1367
828 78
1562 56
1562 25
1562 1055
1562 29
1562 8
1892 690
1892 637
1892 1068
1892 272
1262 21
1262 2091
2092 97
8 240
8 1043
8 51
8 2093
8 435
8 2094
8 71
8 1533
8 2095
8 1961
8 2096
8 210
8 80
8 2097
8 52
8 2098
8 1448
8 1405
8 1054
8 1302
8 2099
8 1039
8 33
8 351
8 76
8 2100
2101 198
2101 2102
2101 1584
2103 614
2104 1385
2104 21
2104 8
2105 2106
2107 686
2108 358
2108 21
2108 721
2109 1676
2109 2110
2109 1855
2111 696
2111 21
2111 665
2111 1599
2111 124
89 2112
89 220
89 1075
89 50
65 694
2113 736
2114 360
2115 71
2115 2116
2115 80
2115 1755
2117 116
1572 187
1572 56
1572 29
2118 20
2118 21
2119 696
2120 278
2120 1104
2120 915
2120 1
2121 21
2121 8
2122 23
2122 1932
2122 161
2123 696
2123 291
2124 1241
2125 21
2125 1
2126 80
2127 269
2127 110
2127 1100
2127 142
2128 582
2128 1623
2128 425
2128 590
2128 93
2128 611
2128 537
2129 118
2129 93
2129 87
2129 8
2130 126
2130 20
2130 21
2130 8
1526 277
1526 614
1526 606
1526 595
1526 594
1526 613
1526 5
1526 6
1526 592
1526 622
1526 580
1526 625
1526 593
1526 591
1526 577
1526 1529
1526 2131
1526 95
1526 620
1526 478
1526 370
1526 589
1526 281
2132 1849
2132 2133
2132 698
2132 917
2132 54
2132 108
2134 21
1772 194
2135 19
2135 487
2135 2136
2135 2137
2135 1378
2135 1583
2135 534
2135 488
2135 2138
2135 1377
2135 1134
2135 2139
2135 1393
2135 486
2135 15
2135 490
2135 1838
2135 62
2140 2141
2142 2143
2142 340
2142 2144
2142 1196
2142 1
2145 444
2145 2146
2145 2147
2145 461
2145 1628
2145 871
2145 665
2145 50
2145 8
2148 21
2149 269
2149 97
2150 696
2150 291
2151 1885
2151 872
2151 15
2151 93
2151 2152
450 126
450 296
450 955
450 2153
450 56
450 362
450 41
450 21
450 54
450 29
2154 21
2155 534
2155 2139
2155 21
2155 665
2156 1033
2156 1686
2156 906
2156 97
2156 1241
2156 1318
1421 19
1421 448
1421 118
1421 648
1421 328
1421 649
1421 1420
1421 329
1421 455
1421 1241
1421 15
1421 768
1421 1113
1421 447
1421 365
2157 19
2157 1583
2157 2158
2157 382
2157 21
2157 15
2157 383
2157 669
2157 178
2157 2159
1922 1637
1922 1920
1922 848
1922 849
1922 1921
1922 850
1922 577
1922 2160
1922 2161
1922 29
2162 1328
2162 1115
2162 56
2162 41
2162 29
2162 1329
2163 269
2164 933
2164 1537
2164 473
2164 118
2164 1526
2164 425
2164 1300
2164 41
2164 155
2164 29
2164 8
2165 258
2166 21
2166 1
2167 126
2167 1328
2167 56
2167 41
2167 924
2167 1775
2167 29
2167 87
2167 1329
2168 114
2168 21
2169 733
630 20
630 21
442 114
442 435
442 352
442 340
442 2170
442 353
442 452
442 21
442 1599
442 1196
442 1197
442 1
442 95
442 714
442 1914
2160 1637
2160 2161
2171 21
2172 278
2172 601
2172 66
2172 762
2172 2173
2172 212
2172 744
2172 1961
2172 613
2172 162
2172 313
2172 2022
2172 45
2172 37
2172 2174
2172 478
2172 8
2172 30
2172 214
2175 1213
2175 41
2175 21
2175 1369
2175 714
2175 29
2175 87
2175 1214
2176 1875
2177 2178
2177 1651
2177 1145
2179 21
460 56
460 29
1427 296
2180 80
1438 1397
1438 2181
1438 557
1438 555
1438 641
1438 686
1438 982
1438 1439
1438 679
1438 558
2182 21
1290 1260
1290 1885
1290 2183
1290 21
1290 1044
1290 2184
1369 686
1369 21
1369 1214
604 59
604 555
604 1591
604 1434
604 1039
604 1435
604 155
1889 400
1889 476
1422 19
48 2185
48 1459
48 41
48 2186
48 530
1337 21
1528 21
1528 93
1969 1852
1969 752
1969 93
2187 114
2187 192
2187 195
2187 20
2187 196
2187 173
2187 56
2187 199
2187 41
2187 190
2187 29
617 389
617 684
617 837
617 41
617 845
617 398
617 108
826 21
826 483
1146 21
1146 93
2188 97
133 1958
133 2189
133 2190
133 181
133 138
133 2191
133 1887
133 2083
133 2016
133 890
133 75
133 76
133 149
1921 848
1921 849
1921 850
1921 577
340 413
340 1423
340 435
340 2192
340 21
340 2193
340 1367
340 2194
340 1656
340 1
1664 606
1051 80
1051 21
2195 192
2195 196
2195 199
2195 188
2195 190
1175 71
1175 21
2001 943
2001 448
2001 1534
2001 328
2001 1420
2001 329
2001 327
2001 768
2001 1113
80 2196
80 2197
80 772
80 2198
80 435
80 699
80 2199
80 2200
80 509
80 245
80 489
80 226
80 1656
80 2201
80 702
80 2202
80 1478
80 491
80 2203
2204 671
2204 1293
2204 161
2204 21
2204 980
2204 29
649 448
649 328
649 1420
649 329
649 768
649 1113
649 447
649 365
323 191
323 1383
323 188
323 506
323 382
323 432
323 2205
323 2206
323 239
323 1122
323 311
323 755
323 2207
323 41
323 511
323 427
323 190
323 503
323 196
323 1642
323 495
323 1955
323 1627
323 378
323 192
323 505
323 1153
323 513
323 502
323 29
323 501
323 186
323 758
323 1562
323 56
323 771
323 536
323 684
323 199
323 1362
2208 1
588 596
364 222
1255 62
2209 116
2209 2210
2209 2211
2212 1853
1621 19
1621 20
1621 187
1621 116
1621 21
871 2212
871 1853
1532 389
1532 2213
1532 617
1532 41
1532 845
1532 2214
2215 677
2215 23
2215 1147
2215 161
1726 1
2216 8
697 20
23 1932
23 236
23 392
23 2046
23 161
23 2217
2218 56
2218 21
2219 296
2220 114
2220 195
2220 20
2220 56
2220 80
2220 265
2220 41
2220 21
2220 29
1592 59
1592 41
1592 604
1592 1591
1592 1434
1592 1435
171 175
2221 1217
2222 11
2222 71
2222 220
2222 21
2222 1312
2222 224
2222 275
1017 20
488 56
2144 296
817 116
817 80
1132 485
1132 1232
1132 1233
1132 878
1132 2174
1599 1551
1599 2223
1599 1477
1599 1541
1599 258
1599 1873
1599 435
1599 999
1599 444
1599 1681
1599 699
1599 319
1599 392
1599 1037
1599 2224
1599 412
1599 811
1599 456
1599 313
1599 2225
1599 573
1599 1508
1599 926
1599 2226
1599 43
1599 2227
1599 1299
1599 1355
1599 2228
1599 318
687 572
687 1197
687 2229
687 238
687 1024
687 291
687 290
943 328
943 116
943 329
943 327
2230 2231
2232 1
2233 56
2233 915
2233 1
2234 350
2235 1
2236 1039
596 1067
596 559
596 976
2237 56
2238 2239
2240 21
2241 2242
2241 2243
2241 2244
2241 2245
2246 2247
2246 160
2246 2046
2246 2248
1610 21
1036 220
1036 224
2249 743
1722 258
2250 291
983 160
983 555
1136 56
1136 80
1136 29
1136 8
2251 127
2251 21
2251 878
2251 610
2251 1
2252 870
991 296
991 1309
991 2253
991 29
657 379
657 159
657 5
657 2254
657 6
657 625
657 78
657 589
2255 2256
2257 269
1287 969
1287 21
1287 1
2258 1818
2259 62
2260 200
2261 943
2261 448
2261 118
2261 1534
2261 328
2261 1420
2261 329
2261 1511
2261 21
2261 327
2261 768
2261 2001
2261 1113
2262 358
2263 2242
866 243
866 29
866 8
2264 269
1142 192
1142 195
1142 197
1142 56
1142 199
1142 426
1142 188
1142 190
1142 200
1142 29
2265 95
2266 2267
361 296
361 21
1307 1103
1307 2233
1307 2268
1307 2269
1307 1145
1307 364
1307 914
1307 645
2270 192
2270 93
2271 20
2271 388
2271 637
2271 124
2271 669
448 943
448 296
448 327
448 365
2272 1608
2272 390
2272 378
2272 194
2272 423
2272 2273
2272 425
2272 594
2272 41
2272 186
2272 1367
2272 580
2272 402
2272 1368
2272 155
2272 603
2274 343
2274 313
106 180
106 1397
106 1293
106 160
106 320
106 555
106 2275
106 558
755 192
755 195
755 196
755 197
755 56
755 199
755 426
755 757
755 188
755 190
755 29
1896 5
1896 6
2276 296
2276 118
2276 1408
2276 679
2277 269
2277 97
2278 671
2278 1285
2278 672
2278 673
2278 29
2279 195
2279 20
2279 71
2279 56
2279 41
2279 351
2279 29
2280 1852
2280 388
2280 1241
196 495
196 192
196 195
196 378
196 197
196 500
196 2281
196 330
196 501
196 502
196 503
196 56
196 505
196 506
196 199
196 426
196 1941
196 509
196 2282
196 1129
196 311
196 2283
196 2284
196 511
196 1362
196 941
196 427
196 188
196 758
196 512
196 513
196 239
196 514
196 515
196 190
196 29
196 1142
196 537
2285 70
2285 294
2285 71
2285 929
2285 73
2285 655
2285 2014
2285 1215
2285 871
2285 15
2285 2230
2285 75
2285 76
2285 213
2285 2174
2285 1
2285 1755
2285 69
2286 126
2286 56
2286 80
2286 41
2286 29
2287 118
1508 238
2288 269
2289 681
2289 680
2289 682
2289 56
2289 1756
2289 320
2289 685
2289 572
2289 41
2289 99
2290 1406
2290 388
2290 93
2291 114
2291 388
351 116
351 1448
351 509
351 705
351 635
1005 20
1005 21
2292 2293
258 801
258 1392
258 56
258 21
258 878
258 2294
258 226
258 573
258 2024
258 480
258 2295
258 346
2296 21
2297 300
2297 301
2297 299
1342 20
1342 21
42 686
587 161
587 686
1415 1039
1466 19
1466 921
1466 978
1466 1
1466 149
805 2298
2299 192
2299 1
957 2080
2300 56
2300 80
2268 1251
2268 161
784 589
2301 300
2301 301
557 1439
316 19
316 20
316 56
316 29
2302 4
2302 678
2302 679
2022 601
2303 623
1502 192
1502 80
1236 296
1236 1534
1236 658
1236 879
1236 354
2304 21
2305 1464
2306 80
691 298
691 187
691 694
691 1
1628 2307
1628 2212
1628 2308
1628 871
1628 226
2309 2310
2309 553
2311 56
2311 29
2312 470
2313 23
2313 1331
2313 340
2313 412
2313 1560
2313 21
2313 93
2313 573
2313 8
2314 198
2314 41
2315 1229
2315 389
2315 845
2315 1230
2316 742
2317 258
2318 610
1782 56
1782 1055
1782 29
2319 1100
2319 2016
2319 133
2319 75
2319 76
1412 463
1412 681
1412 1119
1412 360
1412 320
1412 363
1412 455
1412 1622
1412 365
2320 1
620 887
620 187
620 400
620 837
620 745
620 686
620 637
620 155
620 1171
620 714
2321 2322
2321 5
2321 6
2321 2323
2321 25
2324 114
2324 20
2324 124
2324 178
1221 1220
1221 975
1221 43
1221 2325
1221 1158
1538 19
1538 1583
1538 80
1538 917
1538 21
1538 15
1538 2326
1538 721
2327 5
1429 19
1429 80
2328 258
2328 188
2328 190
2329 56
2329 2330
2329 43
2329 29
665 265
665 1649
665 1060
665 71
665 188
665 1254
665 506
665 534
665 2331
665 33
665 0
665 2332
665 2206
665 1339
665 1650
665 2333
665 8
665 2334
665 755
665 706
665 1292
665 1124
665 269
665 946
665 41
665 1229
665 377
665 1657
665 2004
665 2209
665 2251
665 1752
665 190
665 1515
665 2335
665 626
665 196
665 1995
665 2336
665 868
665 5
665 2337
665 1521
665 590
665 634
665 1012
665 1055
665 378
665 2338
665 258
665 2339
665 512
665 794
665 323
665 2340
665 2341
665 797
665 505
665 1032
665 2342
665 890
665 2343
665 2344
665 138
665 1350
665 1590
665 127
665 2345
665 2346
665 2347
665 296
665 1804
665 1550
665 2348
665 15
665 1401
665 2349
665 1164
665 2350
665 29
665 1071
665 1310
665 2351
665 214
665 1037
665 201
665 2352
665 1731
665 1019
665 1313
665 1565
665 2353
665 532
665 540
665 199
665 1096
665 1853
665 1621
665 1196
665 2354
665 2355
665 2356
665 627
665 2357
1216 317
2358 2359
2358 1
1173 637
2360 20
2360 21
2360 637
1917 21
2361 258
2361 481
2361 2055
2361 480
2361 178
2362 1744
2362 93
2362 687
2362 599
2362 1024
2362 291
2363 665
2364 21
2364 37
2365 126
2366 56
2366 665
2367 171
2367 169
2368 20
2368 21
2368 95
2369 1752
2369 350
2369 126
2369 1241
2369 665
2369 317
2369 29
2369 8
2370 93
2371 114
2371 626
2371 126
2371 1173
2371 446
2371 1406
2371 56
2371 21
2371 637
2371 1504
2371 1
2371 95
2372 126
2372 1
452 10
452 437
452 435
452 340
452 2170
452 353
452 21
452 93
452 1599
452 1196
452 1197
452 1
2373 23
2373 1665
2373 358
2373 1332
2373 690
2373 2313
2373 382
2373 80
2373 1651
2373 21
2373 383
2373 571
2373 313
2373 178
2373 341
2373 1646
2374 868
2375 21
2375 1599
2376 503
2376 29
2377 21
1223 931
1223 583
2378 2379
2380 80
2381 358
2382 470
2382 483
1171 626
1171 681
1171 2383
1171 682
1171 320
1171 6
1171 265
1171 780
1171 2384
1171 1
17 12
2385 1
2386 1
2227 21
2387 2382
2388 2389
2390 506
2390 41
2390 2391
2390 93
2390 190
2390 201
2390 29
131 8
2392 269
880 1408
880 679
880 1257
2325 1220
681 1203
681 682
681 203
681 684
681 56
681 320
681 151
681 572
681 363
681 359
681 1324
681 780
681 599
1840 686
1010 20
1010 21
1870 350
1870 877
1870 2053
1870 878
1855 42
1855 57
1855 1676
1855 696
1855 291
1855 688
2393 97
1011 20
2394 21
2394 93
2394 227
2394 416
2394 1
2394 1646
2395 24
2396 269
2397 4
2397 939
2397 686
2397 938
1106 195
1106 196
1106 2398
1106 56
1106 199
1106 41
1106 93
1106 188
1106 190
1106 201
1106 29
729 2399
729 206
2345 116
2400 41
1847 11
1847 89
1847 220
1847 97
1847 50
1847 275
2185 696
2185 2186
2401 24
2401 660
1848 97
2096 20
1190 56
1190 188
2402 114
2402 1571
2402 21
2402 1
1225 1223
1225 1064
1225 1063
1225 931
1225 1077
1225 296
1225 690
1225 583
1225 1226
1225 37
1225 307
2403 837
2403 2008
2403 265
2403 1171
2403 2384
2404 41
2404 8
1804 114
1804 19
1804 20
1804 21
1804 124
1804 178
2405 324
2405 973
2405 2406
2407 56
2407 93
2407 29
2408 269
2408 116
1836 161
1836 1558
1836 696
1836 679
692 298
692 896
692 691
692 693
692 65
692 297
692 474
692 851
692 694
692 852
692 1060
130 1233
2409 258
2409 21
2410 269
1537 1300
1537 1302
1537 8
2411 1
2412 2241
2413 80
2413 573
71 240
71 1283
71 76
730 1453
906 1258
906 97
2273 656
2273 657
2273 217
2273 2414
2273 161
2273 1366
2273 2077
2273 637
2273 108
2273 8
2415 1
2416 21
1977 157
1977 158
1977 102
2417 1567
2322 5
2322 6
2322 25
362 463
362 443
362 684
362 56
362 924
362 2418
362 2419
129 350
129 742
129 313
129 1368
129 214
1007 20
1007 21
1895 5
1895 6
1895 1957
1895 25
2420 269
693 157
693 413
693 298
693 691
693 102
693 320
693 297
693 474
693 65
693 694
693 852
693 1060
693 1
693 29
612 19
612 187
612 837
612 406
612 733
612 1560
612 254
612 2299
612 108
612 275
2421 21
1908 1747
1908 1748
1908 204
2422 1
603 187
603 406
603 161
603 686
603 2253
1152 983
1152 56
1152 2046
1152 265
1152 21
1152 333
1152 29
2423 2424
1282 686
194 19
194 657
194 1382
194 463
194 296
194 499
194 187
194 159
194 684
194 138
194 946
194 56
194 610
194 932
194 317
194 189
194 1464
194 536
194 29
2425 524
1408 1114
1408 560
1408 2333
1408 1257
1408 1495
445 362
445 124
445 1449
403 21
2426 93
2427 265
2428 1120
2429 1040
584 19
584 1405
584 104
845 390
845 391
845 389
845 393
845 395
845 396
845 398
845 397
214 928
214 2189
214 2021
214 5
214 2308
214 2430
214 33
214 1
214 307
2431 1973
2431 238
2431 291
2431 1024
2432 93
2433 97
2433 98
1312 429
1312 127
1312 497
1312 1283
1312 1567
1312 351
1312 417
1312 520
1312 108
1312 1182
1312 516
1768 686
1768 133
1768 2434
1768 108
1624 960
1530 80
1530 21
2435 2436
2435 671
2435 1285
2435 56
2435 2437
2435 190
2435 87
2438 2439
2438 320
2438 150
2438 572
2438 363
2438 151
2438 153
2438 155
138 1961
138 56
138 80
138 932
138 29
138 214
1861 946
1590 277
1590 278
1590 626
1590 801
1590 375
1590 379
1590 6
1590 781
1590 478
2440 114
2440 118
2440 21
2441 2442
2443 97
752 24
752 2212
752 33
752 1970
2444 2445
2444 307
1787 832
1787 601
1787 2446
1787 5
1787 953
2447 315
2346 56
2346 190
2346 201
2346 29
1881 1342
2448 187
2448 159
2448 686
2449 258
2450 1864
2450 1894
2450 2375
1195 1658
1195 1659
2451 594
2452 118
2453 2267
2454 269
804 269
658 296
2455 21
102 116
2456 269
234 2016
2457 686
410 21
516 21
2458 269
2458 80
2458 21
1006 20
1006 21
1006 1
2459 1
1709 269
1559 20
1559 173
1559 116
1559 80
1559 21
2460 21
1518 80
923 1251
756 56
756 21
1353 258
1353 1
2461 21
2461 351
2462 296
2462 1400
2462 2344
2462 1558
2462 2463
2462 78
2462 8
2464 21
2153 1039
2248 2247
2248 2046
682 1322
682 56
682 1324
682 780
682 599
1741 340
1741 1
2465 887
2465 743
2465 1963
2465 2466
2465 2052
2465 640
2465 686
2465 616
2465 313
2465 890
2465 747
2465 214
835 576
835 1
888 19
888 159
998 995
998 1818
998 21
998 333
998 660
998 8
2379 1
2379 98
795 1
2467 1464
1137 406
1137 56
1137 21
1137 1
2468 324
2468 1651
2468 1599
2468 238
2469 2470
2469 559
2469 1534
2469 1140
2469 41
2469 29
782 1
2471 1
2472 116
2472 21
2473 2474
2475 21
2475 351
2476 1695
2476 2477
2476 2478
2476 2479
2476 46
2480 2481
2480 168
2480 2482
2480 492
2480 493
2480 913
2480 912
2483 93
2484 97
2485 41
2485 29
2486 80
2486 97
2487 80
2488 114
2488 21
2488 721
2488 1
2488 8
358 2489
358 818
358 238
358 599
590 19
590 379
590 2490
2491 126
2491 276
2491 56
2491 6
2491 1929
2491 866
2491 29
2492 669
2137 1378
2137 56
2137 265
2137 41
2137 486
2137 1393
2137 29
2137 62
2493 679
2494 2113
2494 736
2494 296
2494 20
2495 2006
2495 21
2495 1
95 1427
95 2496
95 865
95 2089
95 256
95 1760
95 254
95 1325
95 1944
95 1316
95 435
95 922
95 2497
95 1878
95 436
95 1494
95 155
95 438
95 19
95 995
95 406
95 2279
95 2498
95 2499
95 573
95 1010
95 977
95 2500
95 2501
95 2502
95 788
95 2503
95 1871
95 875
95 1939
95 1143
95 1144
95 2504
95 2505
95 792
95 258
95 1147
95 2506
95 657
95 2310
95 2507
95 921
95 2508
95 635
95 2509
95 1154
95 50
95 969
95 2510
95 2345
95 2511
95 1226
95 1895
95 1543
95 853
95 1546
95 460
95 2512
95 208
95 210
95 987
95 813
95 29
95 2322
95 1594
95 1849
95 1004
95 2513
95 2514
95 380
95 947
95 56
95 21
95 2515
95 417
95 622
95 463
95 1380
95 917
95 837
95 464
95 930
95 623
95 550
95 825
95 828
95 2516
95 1443
95 1361
95 2517
95 2518
95 926
95 1304
2519 696
2520 2521
2522 118
2522 1775
1162 1104
1162 21
1162 915
1162 1
2523 190
1176 126
1176 56
1176 41
1176 29
10 1483
10 1479
10 220
10 361
10 837
10 2524
10 1604
10 781
10 1622
10 1500
10 207
10 1123
10 1847
2525 425
2525 980
2526 665
2527 2528
70 127
70 71
70 815
70 1963
70 72
70 21
70 1827
70 351
70 239
70 75
70 2529
70 76
70 213
70 2530
70 8
70 1847
70 709
2531 93
2532 686
2533 315
2533 29
2534 56
2534 41
2534 29
2535 315
2535 80
2535 151
2535 1883
2535 721
2535 8
2042 1308
2042 230
2042 228
2042 1801
2536 95
1298 600
1298 340
1298 56
1298 1
2537 1907
2537 1885
2537 872
2537 93
2537 2152
2538 1906
2538 296
2538 20
2538 56
2538 21
2538 29
2538 8
2539 1258
2539 97
2434 277
2434 601
2434 623
2434 655
2434 1860
2434 595
2434 2540
2434 5
2434 6
2434 621
2434 581
2434 592
2434 593
2434 166
2434 478
2434 589
2541 114
2541 20
2541 116
2541 21
2541 665
2541 124
2541 178
2228 80
2228 21
2228 1
2205 539
2205 188
2205 190
2205 29
2542 19
2542 1583
2542 382
2542 2543
2542 388
2542 15
2542 333
2542 383
2542 2186
2542 124
2542 669
2542 178
2542 29
2544 2173
2544 300
2544 301
2544 299
2544 304
2544 753
2207 192
2207 195
2207 196
2207 197
2207 199
2207 2545
2207 426
2207 188
2207 190
2546 277
2546 1623
2546 2547
2546 686
2546 1139
2548 1244
1203 151
2549 118
2549 665
2549 868
2550 97
1474 1684
1474 608
1474 6
1474 615
2551 296
1012 20
1012 21
1437 1438
1437 557
1437 555
1437 1439
1437 679
1437 558
491 21
2552 21
2553 173
2554 1
2015 1330
1455 391
1455 1457
2555 258
1568 686
180 2275
160 2556
160 61
160 2046
2557 21
1133 21
654 29
2558 80
2559 80
2466 1963
2466 21
2560 21
2201 21
1254 62
2561 1384
2561 80
2562 21
2562 2563
1457 391
1457 1456
5 19
5 116
5 161
5 686
5 98
1311 377
1311 350
1311 985
1311 116
1311 1630
1311 2564
1311 21
1311 1312
1311 2249
2146 752
2146 878
2146 576
2146 50
2146 8
1616 1615
1616 1039
1616 303
1616 305
1616 1
2565 21
2566 1157
2566 29
2566 8
2567 196
2567 199
1430 19
1430 20
1430 21
2568 1589
2568 1145
2005 2569
2005 2570
2005 605
1959 976
1959 1572
2571 492
1623 19
1623 43
1423 19
2572 2247
1540 21
2573 600
2573 995
2573 660
1849 278
1849 20
1849 71
1849 315
1849 2574
1849 316
1849 41
1849 2575
1849 1936
1849 29
2576 21
2577 114
2577 21
2556 686
2556 50
2578 114
2578 20
2578 124
1755 1067
1755 1963
1755 2189
1755 815
1755 1374
1755 2579
1755 1875
1755 116
1755 382
1755 80
1755 745
1755 1022
1755 5
1755 6
1755 881
1755 2580
1755 1277
1755 21
1755 2186
1755 868
1755 1329
1755 709
2581 114
2581 21
2514 114
2514 21
2514 1
2582 114
2582 20
2582 21
2582 637
2583 21
2583 1171
2583 1
2584 686
978 56
2585 1486
1546 2508
1546 21
1546 1312
1546 1599
1546 238
464 334
464 459
464 56
464 2027
464 41
464 431
464 336
464 765
464 29
2586 1062
2586 2018
2586 1957
2586 105
1606 219
1606 1036
1606 1605
2587 97
613 192
613 195
613 196
613 197
613 975
613 198
613 382
613 56
613 199
613 426
613 41
613 323
613 188
613 155
613 190
613 200
613 29
47 2556
47 59
47 57
47 66
47 1676
47 320
47 2181
47 1855
47 1591
47 604
47 1434
47 1435
47 146
47 207
47 1592
2588 1
1558 413
1558 294
1558 320
1558 917
1558 1572
1558 464
1558 2589
1558 1171
91 11
91 89
91 90
91 220
91 50
2590 276
1161 192
1161 195
1161 196
1161 503
1161 382
1161 56
1161 199
1161 41
1161 323
1161 551
1161 93
1161 188
1161 29
2591 2473
58 1152
58 258
58 623
58 742
58 1657
58 1399
58 1069
58 236
58 630
58 2053
58 1769
58 78
58 747
2592 1
454 464
2344 116
745 78
6 19
6 1944
6 769
6 187
6 975
6 847
6 1251
6 159
6 837
6 978
6 1371
6 875
6 1641
6 161
6 2089
6 686
6 254
6 1871
6 2502
6 980
6 1443
6 50
6 189
6 1464
6 275
6 714
6 476
2481 492
2481 913
1407 2593
265 1559
265 1382
265 1067
265 488
265 2085
265 316
265 56
265 1393
265 490
265 1936
265 156
265 29
1983 80
1983 21
1983 333
2594 241
2595 21
2596 1
2597 56
2597 29
2598 80
2598 1
2599 1507
82 258
2600 78
2601 2602
2603 56
2604 1040
1009 20
1009 116
320 556
320 1077
320 203
320 684
320 939
320 252
320 363
320 151
320 1572
320 622
320 1415
320 1565
1784 56
1784 29
1479 868
2152 1885
2039 56
2039 659
2039 29
1594 5
1594 6
1594 21
1594 615
1594 122
2605 80
2605 1
216 217
216 220
216 222
216 224
216 225
607 116
2606 116
2606 590
2606 924
2606 8
2607 8
2608 56
2608 80
2608 1339
2608 1012
2608 634
2608 29
2608 1105
2608 418
2310 114
2310 21
2310 346
1398 982
1398 1
1019 20
1019 2345
1019 56
1019 932
1019 29
798 21
2609 1618
2610 679
800 2611
800 780
885 1426
885 320
885 80
591 1067
591 559
591 360
591 837
591 686
591 1
591 714
984 187
984 686
984 21
2612 97
2612 21
1160 296
1160 1408
1160 679
2613 2614
2508 2615
2508 56
2508 5
2508 612
2508 6
2508 679
1843 20
1843 80
1843 1042
2282 199
809 21
2616 1
2617 2352
2617 1658
2617 917
2617 1659
2618 189
2619 20
2619 41
2619 1019
2620 114
2620 21
2620 721
2621 118
2621 676
2621 679
2621 1
2622 296
2623 269
2136 1378
2136 56
2136 41
2136 486
2136 932
2136 29
2136 62
2624 1614
2624 885
2624 41
2624 1615
2624 450
2624 593
2624 1039
2624 303
2624 1616
2624 2625
2624 8
2624 1617
2624 30
1811 1781
1811 1583
1811 1780
1811 56
1811 41
1811 25
1811 1055
1811 29
1993 1757
1993 686
2138 1378
2138 139
2138 486
2138 1393
2138 2068
2626 21
2098 2627
2098 1
633 20
633 21
823 21
847 5
847 1309
847 478
1013 20
1013 21
504 1
156 1155
156 1
499 56
499 80
499 21
417 815
417 340
417 1656
417 226
417 1
510 269
510 80
610 375
610 379
610 686
610 878
610 351
610 747
610 478
610 589
920 1251
535 56
1024 1677
1093 492
2628 483
365 296
365 116
365 1
287 686
287 21
287 227
287 333
287 416
287 1
287 635
2116 1875
2116 2176
2629 21
2630 1
1056 56
2631 2247
2632 2476
2632 2122
2632 2477
2633 21
2633 313
2633 8
1426 80
1426 686
383 191
383 1337
383 1647
383 549
383 1383
383 188
383 1002
383 382
383 93
383 239
383 1184
383 1122
383 311
383 755
383 2207
383 211
383 2634
383 41
383 1657
383 1129
383 427
383 503
383 190
383 1344
383 196
383 1642
383 495
383 531
383 548
383 1524
383 1627
383 1012
383 192
383 323
383 489
383 505
383 1006
383 921
383 1016
383 200
383 2635
383 701
383 1755
383 502
383 1161
383 950
383 148
383 29
383 501
383 197
383 186
383 613
383 426
383 56
383 1013
383 941
383 771
383 514
383 515
383 536
383 199
383 2281
383 1362
383 195
1016 20
1016 21
2636 181
2636 389
225 219
225 224
2637 21
2638 1487
25 56
25 406
25 1056
25 1782
25 1055
25 1
25 29
632 21
632 8
2639 1
2430 5
533 56
533 21
1902 130
1902 112
1902 576
168 560
168 1067
168 2481
168 1095
168 1224
168 1140
168 2640
168 2482
168 492
168 2641
168 1558
168 493
168 913
168 2642
168 561
168 1572
168 912
168 1767
168 2643
168 1650
168 1096
714 601
714 5
714 610
714 478
714 589
2644 296
2645 8
669 1337
669 1999
669 1383
669 168
669 432
669 18
669 980
669 226
669 1114
669 2646
669 2647
669 126
669 1095
669 1105
669 41
669 998
669 1010
669 173
669 2648
669 1866
669 2649
669 634
669 1001
669 548
669 1012
669 2650
669 1329
669 797
669 1006
669 2651
669 194
669 48
669 756
669 1155
669 2511
669 1003
669 1804
669 950
669 2136
669 665
669 29
669 520
669 2652
669 1007
669 56
669 21
669 1428
669 156
669 1019
669 2582
669 169
669 932
669 624
669 660
669 2517
669 1011
669 195
669 1018
2653 56
2653 757
2653 29
2653 8
2654 1229
2654 389
2654 845
2654 1230
1067 560
1067 559
1067 561
2655 2656
2655 2657
2655 108
685 467
685 681
685 682
685 286
685 320
685 1589
685 572
685 41
685 313
685 687
685 599
685 156
685 688
2658 1
1135 1309
1135 21
2659 2660
726 727
2661 300
2661 301
2662 1039
2662 33
2662 30
2662 8
2663 118
2663 1040
2663 721
2340 296
2340 888
2340 116
2340 824
2340 1431
1797 900
1797 139
1797 146
1797 8
2664 114
2664 21
2665 297
2665 1290
2665 207
2666 20
2666 21
2337 21
2337 351
153 425
153 837
153 1558
153 151
153 154
153 155
153 1109
153 618
2667 425
2667 1251
2668 1
1812 126
1812 56
1812 21
2669 2670
2669 2671
2173 1852
2173 376
2173 300
2173 301
2173 1241
2173 299
2173 304
2173 37
2173 76
2173 1
2173 307
2672 922
2672 255
2672 947
2672 2673
2672 1883
2672 50
2672 95
2672 29
2674 21
2675 21
2675 1
2676 1070
2676 425
2676 116
2676 686
2677 114
2677 95
2678 647
2678 236
2679 696
2679 21
2679 87
2680 647
2625 11
2625 89
2625 90
2625 2112
2625 88
2625 2061
2625 1539
2625 1560
2625 1615
2625 1628
2625 2681
2625 456
2625 2682
2625 1039
2625 91
2625 62
2625 1847
2625 1617
2625 2030
2625 225
2683 2684
2683 30
2685 11
2685 220
2685 41
2685 1606
2685 224
2685 215
1156 21
2686 105
2686 1
2687 126
2687 315
2687 41
2687 29
2688 2086
2688 2352
2689 93
2689 2266
1752 127
1752 296
1752 302
1752 351
1752 8
2690 1583
2470 1067
2470 559
2470 1669
2470 1096
382 191
382 1337
382 1383
382 188
382 1002
382 239
382 757
382 1122
382 311
382 755
382 2207
382 211
382 41
382 427
382 1129
382 190
382 503
382 1344
382 196
382 495
382 193
382 531
382 548
382 1627
382 1012
382 192
382 489
382 505
382 1006
382 921
382 1016
382 513
382 198
382 200
382 701
382 502
382 950
382 148
382 29
382 501
382 197
382 186
382 426
382 56
382 1013
382 941
382 514
382 515
382 536
382 199
382 2281
382 1362
382 195
2500 340
2500 80
2500 21
2500 1656
2500 1197
2500 1
1122 192
1122 1619
1122 195
1122 196
1122 197
1122 56
1122 199
1122 426
1122 41
1122 188
1122 190
1122 200
1122 29
400 626
400 194
400 2691
400 187
400 56
400 6
400 1853
400 155
400 189
400 714
2692 20
2692 21
2693 78
2694 56
2694 41
2694 835
2694 29
2648 41
2648 21
2648 8
2695 1283
2589 294
2589 1467
2589 2696
2589 1547
2589 693
2589 412
2589 1299
2589 207
2589 1862
1473 21
2697 41
1707 269
1246 556
2698 41
2699 324
2699 1749
2699 1756
2699 1
1525 21
2501 21
2700 606
622 686
1651 2461
1651 2481
1651 492
1651 913
1651 942
1651 1145
1651 248
1651 2701
1566 21
1335 2656
37 931
37 269
37 40
37 162
37 93
37 155
37 45
37 214
37 1970
37 307
20 989
20 772
20 701
2702 370
1273 23
1273 180
1273 2556
1273 66
1273 181
1273 182
1273 160
1273 21
1273 679
1273 54
2703 21
2704 2230
172 171
2705 324
2705 1445
1719 98
437 114
437 352
437 340
437 353
437 1197
437 1299
437 178
437 8
2706 93
2707 114
2707 21
2707 93
2708 19
2708 686
2502 5
2502 349
1571 187
1571 159
1571 1410
1571 766
465 41
619 656
619 582
619 600
619 1317
619 623
619 606
619 5
619 1410
619 641
619 696
619 1366
619 596
619 611
619 304
619 537
1230 390
1230 844
1230 391
1230 389
1230 617
1230 393
1230 395
1230 396
1230 845
1230 1532
1230 398
1230 397
1196 413
1196 1423
1196 339
1196 2500
1196 437
1196 435
1196 352
1196 340
1196 2192
1196 116
1196 2709
1196 412
1196 2710
1196 1298
1196 1297
1196 2194
1196 2193
1196 1367
1196 2711
1196 1656
1196 1741
1196 417
1196 1197
1196 1299
1196 1
1196 1914
1196 419
637 6
637 1337
637 142
637 1110
637 18
637 1340
637 1009
637 2712
637 375
637 478
637 1105
637 626
637 2637
637 587
637 1
637 1955
637 589
637 634
637 639
637 1001
637 548
637 2713
637 1012
637 277
637 595
637 378
637 1050
637 601
637 2714
637 797
637 542
637 603
637 1006
637 2715
637 1005
637 2204
637 805
637 701
637 402
637 296
637 2716
637 814
637 2717
637 2718
637 1409
637 21
637 201
637 514
637 1380
637 1621
637 642
637 66
637 1018
637 625
2719 20
2719 173
2719 21
2719 637
2719 124
1 2720
1 1060
1 1110
1 2194
1 2176
1 1484
1 1214
1 1369
1 226
1 435
1 2721
1 1423
1 2576
1 1121
1 413
1 2722
1 1455
1 1457
1 248
1 2562
1 5
1 971
1 1283
1 2723
1 707
1 1015
1 227
1 1710
1 1656
1 2724
1 2725
1 635
1 1348
1 1279
1 2192
1 1981
1 2726
1 2727
1 98
1 2728
1 1367
1 989
1 2729
1 1358
1 2200
1 746
1 826
1 631
1 1104
1 2730
1 2193
1 1736
2174 1960
2174 73
2174 52
2174 74
2174 2022
2174 76
427 188
1039 51
2731 269
2731 686
2671 93
2671 84
1111 8
2732 686
2733 1680
2733 1075
1022 180
1022 2734
1022 236
1022 392
1022 1885
1022 881
1022 952
2735 29
642 114
642 21
625 187
625 975
625 406
625 161
625 686
625 610
625 189
625 910
625 615
625 1
625 108
570 269
2353 56
2353 29
2141 817
2736 466
2736 56
550 19
550 5
2737 108
1491 922
1491 266
2738 161
2738 254
2739 21
2740 2741
2740 2742
2740 2743
2744 2745
776 296
2746 21
616 657
616 640
616 313
616 890
616 214
2716 20
2716 21
2716 980
2716 124
1428 114
1428 19
1163 296
1163 888
1163 21
2747 80
2398 56
2398 190
2398 201
2398 29
1096 560
1096 1067
1096 559
1096 1140
1096 360
1096 265
1096 561
1096 1
1096 29
1096 8
2748 114
2748 21
2748 669
2749 8
2750 118
2750 1408
2750 2276
2750 679
2751 269
2752 1924
2752 931
2752 690
2752 1225
2752 1078
2752 37
2752 307
608 657
608 946
608 161
608 980
2753 118
2753 21
2754 20
2755 21
2755 2498
2755 124
2755 178
2755 385
2756 598
2757 97
2758 41
2759 171
2759 169
2759 385
2759 122
2760 195
2760 21
2760 29
2760 8
2761 470
2761 269
2761 1241
2761 97
2762 97
2763 1089
2764 71
2764 351
2765 637
611 19
2766 114
2766 126
2766 195
2766 20
2766 56
2766 265
2766 41
2766 21
2766 333
2766 29
2766 8
2352 1195
2352 1491
2352 2086
2352 2767
2352 116
2352 1659
2352 2768
2769 1180
2770 9
1259 2637
1259 1312
1259 2771
2772 19
2772 1067
2772 560
2772 559
2772 2470
2772 1095
2772 1534
2772 168
2772 1140
2772 1657
2772 360
2772 56
2772 1094
2772 1600
2772 2773
2772 561
2772 15
2772 2469
2772 596
2772 591
2772 660
2772 29
2772 1096
1914 340
1914 116
1914 353
1914 1
2774 658
2774 2545
2775 118
2775 21
2775 1667
1739 56
2776 21
2776 1
536 20
536 671
536 198
536 56
536 21
536 757
536 188
1490 1623
1490 56
547 21
575 686
1382 56
1382 80
1382 21
2777 56
424 296
424 534
424 621
1074 224
1217 236
329 614
329 56
329 686
329 365
2778 21
2779 1938
2780 269
659 184
659 1936
2781 1
2095 296
615 379
615 56
615 686
615 1
1495 296
1495 56
618 686
618 189
903 2782
2783 2784
2785 21
2786 2787
2788 42
1350 80
1350 21
2789 5
2789 6
1166 2790
2791 116
29 188
29 33
29 1739
29 1448
29 640
29 239
29 1490
29 1495
29 757
29 2096
29 1302
29 392
29 140
29 511
29 190
29 1130
29 503
29 1516
29 767
29 495
29 42
29 1466
29 589
29 2300
29 531
29 1319
29 2460
29 561
29 258
29 192
29 2792
29 505
29 934
29 1056
29 2793
29 756
29 513
29 1155
29 1156
29 379
29 502
29 329
29 1548
29 533
29 52
29 98
29 535
29 1317
29 1042
29 501
29 474
29 1936
29 479
29 56
29 615
29 2794
29 2795
29 156
29 201
29 514
29 463
29 515
29 536
29 684
29 2777
29 1382
29 2796
29 199
29 1393
29 2102
29 2797
29 499
29 1825
29 2218
29 831
29 243
29 488
2798 277
2799 126
2799 29
2077 2078
1355 19
1355 21
1400 112
1770 56
1770 80
1770 21
1770 29
1483 359
1483 21
1483 1312
1483 8
2800 97
278 187
278 847
278 161
278 686
278 162
278 1
278 275
197 192
197 495
197 501
197 502
197 506
197 199
197 509
197 188
197 239
197 514
197 515
197 200
398 396
1798 70
1798 1902
1798 927
1798 313
1798 878
1798 1288
2801 1224
2801 1612
2801 594
2801 2802
2801 2803
2804 2242
385 2805
385 960
385 551
385 126
385 406
385 2806
385 780
385 41
385 1512
385 2807
385 2223
385 1859
385 449
385 596
385 2808
385 194
385 25
385 1924
385 756
385 1003
385 962
385 425
385 2136
385 665
385 29
385 1317
385 2809
385 942
385 56
385 2810
385 2318
385 156
385 932
385 313
385 2466
385 669
385 466
385 1962
385 20
385 66
385 195
2811 1325
2812 5
2812 6
2812 2813
2814 8
2815 269
2816 114
2816 21
2816 93
2816 1599
281 19
281 1466
281 187
281 837
281 161
1543 21
2817 1
2818 2819
2820 1251
2820 56
2820 93
2820 29
736 735
736 135
736 243
1800 871
1800 1628
1800 1802
2821 284
446 582
446 277
446 284
446 2478
446 637
2822 425
2822 1371
2823 21
2823 1039
1115 32
1115 363
1115 880
1115 584
1115 1405
1115 104
1115 30
2824 1571
2825 686
2826 917
2826 333
2827 188
2139 1378
2139 534
2139 2828
2139 532
2139 665
2139 2141
2139 512
2139 190
2829 463
2829 1588
2829 445
2829 54
2829 451
2830 168
2831 1628
2831 461
2831 91
2831 33
2159 116
2832 269
2833 2246
2833 2248
2834 114
2834 20
2834 21
2834 637
2834 980
2834 124
2834 669
2835 2414
2835 189
739 20
739 2300
739 80
739 2029
739 721
2836 21
2836 95
2837 665
2838 21
2838 637
2838 8
2839 2470
2839 1095
2839 1140
2839 1096
2840 21
2840 93
2841 1400
2841 2132
2841 49
2505 20
2505 21
2842 93
2843 20
2843 41
2843 8
2844 192
2844 1
1210 98
1147 56
1147 2046
1147 265
1147 41
1147 93
1147 333
1147 29
586 19
586 1195
586 959
586 522
586 946
586 686
586 108
2845 2656
2846 97
2710 340
2710 1197
2710 1
75 71
75 2429
75 73
75 1040
75 213
75 76
2795 21
2847 1285
2848 2849
855 116
855 1671
855 2850
2851 21
2647 21
2647 1
2852 1407
2852 910
2383 116
1357 21
2853 2854
2711 340
2711 353
2711 21
2711 1197
2711 1
2855 269
2855 1675
2856 159
2856 1
1332 340
1332 412
1332 1560
1332 21
1332 573
1332 1
2857 82
489 2543
489 21
2858 56
2858 2859
126 191
126 2085
126 2597
126 865
126 256
126 242
126 2398
126 1760
126 33
126 2566
126 761
126 382
126 316
126 432
126 1739
126 1448
126 2076
126 2736
126 1316
126 2860
126 1495
126 2334
126 438
126 375
126 2279
126 2096
126 440
126 392
126 1636
126 1126
126 2634
126 41
126 654
126 1129
126 1363
126 441
126 1130
126 315
126 1752
126 626
126 1638
126 2861
126 2862
126 2653
126 1642
126 495
126 2863
126 2864
126 1136
126 1140
126 2865
126 1143
126 1627
126 1144
126 2843
126 2338
126 258
126 1147
126 2866
126 323
126 2867
126 1151
126 1152
126 2793
126 632
126 194
126 1926
126 756
126 332
126 2187
126 890
126 1155
126 138
126 1156
126 2437
126 2868
126 458
126 2220
126 2869
126 502
126 460
126 1548
126 533
126 2136
126 2870
126 29
126 98
126 2764
126 1849
126 535
126 2608
126 927
126 2871
126 1559
126 1936
126 56
126 615
126 2795
126 2872
126 560
126 2873
126 514
126 463
126 2697
126 2874
126 930
126 932
126 536
126 2777
126 2198
126 1382
126 624
126 2796
126 2049
126 199
126 1784
126 2797
126 631
126 1778
126 2218
126 243
126 831
126 1043
315 626
315 1144
315 194
315 1043
315 440
315 20
315 681
315 534
315 2843
315 375
315 2085
315 2096
315 56
315 316
315 363
315 41
315 2187
315 21
315 632
315 930
315 2875
315 2279
315 2597
315 242
315 332
315 124
315 2299
315 1936
315 865
315 1019
315 998
315 2869
315 29
315 1
1414 116
1414 1039
1414 8
397 296
1573 114
1573 21
1573 1312
1008 20
1008 21
1095 560
1095 1067
1095 296
1095 559
1095 2470
1095 1140
1095 286
1095 2568
1095 2876
1095 360
1095 265
1095 913
1095 561
1095 82
1095 48
1095 596
1095 591
1095 1671
1095 1
1095 62
1095 1096
1541 21
1517 2508
1517 21
2877 114
2877 21
2877 2077
2878 114
2878 277
2878 2267
2878 5
2878 6
2878 21
2879 269
379 19
379 686
379 188
672 1458
672 671
672 673
672 2634
2482 492
2482 913
2482 2643
2880 686
2880 78
2880 108
1180 126
1180 56
1180 80
1180 265
1180 41
1180 21
1180 29
2881 269
2881 21
2882 269
1124 258
1124 20
1124 116
2727 21
1488 41
1488 2012
274 5
274 97
274 98
2347 296
2883 837
2883 56
2883 80
2883 1783
2883 2884
2883 333
2883 29
2883 1738
2885 582
2885 1466
2885 2886
2885 56
2885 917
2885 41
2885 1451
2885 2083
2885 313
2885 29
1477 319
1477 236
1477 320
1477 41
1477 318
2887 2888
139 57
139 236
139 8
788 5
788 6
1220 975
1220 1093
1134 486
1134 1393
1346 19
1346 21
1453 2889
2890 1
2891 19
2891 1114
2891 1408
1992 56
1992 1443
289 288
289 856
2892 980
716 269
716 1251
1014 20
1014 21
2893 21
2183 2047
2894 8
178 2895
178 1001
178 1983
178 258
178 2896
178 1002
178 1004
178 481
178 1006
178 1007
178 950
178 1368
178 1016
178 2055
178 480
178 18
178 2201
1482 114
1482 21
2897 315
2897 116
2391 351
2391 190
2391 201
2391 29
2439 1203
2439 684
2439 320
2439 151
2439 152
2439 359
2439 305
35 917
35 43
2898 206
2898 1
1301 8
2899 192
2899 196
2899 197
2899 199
2899 426
2899 323
2899 188
2899 190
2899 200
2900 258
2900 197
2900 188
2900 200
2901 21
679 1114
679 647
679 23
679 2333
679 556
679 4
679 2902
679 1520
679 595
679 1509
679 698
679 2903
679 557
679 1531
679 781
679 1539
679 908
679 189
679 364
679 2217
2904 1039
2904 2299
2905 1887
2497 21
2497 266
2497 1
2906 686
2906 1
2906 108
1107 485
1107 351
2907 126
2907 192
2907 196
2907 197
2907 382
2907 56
2907 199
2907 426
2907 41
2907 323
2907 383
2907 188
2907 190
2907 200
2907 29
2907 87
2907 2908
1744 1973
1744 291
1744 1024
2909 171
2909 169
2910 21
624 657
624 995
624 2606
624 161
624 21
624 980
624 189
624 108
624 660
2911 2912
2911 269
1435 1434
1753 1
2913 21
2913 1
2914 192
2914 269
2914 80
2914 21
2914 721
2915 2390
2915 506
2915 2391
2915 539
2915 1129
2915 553
2915 1190
2915 941
2915 190
2915 515
2915 537
2161 1637
2916 21
2916 8
2281 192
2281 56
2281 199
2281 188
2281 190
2281 1
2281 29
1510 21
507 80
1659 116
1659 1658
573 23
573 21
2917 21
2797 2918
2797 56
2797 21
2919 21
757 239
640 296
640 56
640 21
640 1
627 20
627 116
627 21
721 772
721 1473
721 1753
721 1462
721 1478
721 1480
721 2013
721 2024
721 435
721 436
721 1646
721 546
721 1502
721 509
721 1512
721 2920
721 1276
721 1517
721 2633
721 444
721 1518
721 2015
721 2844
721 1084
721 1136
721 1521
721 2300
721 1522
721 1525
721 2504
721 1843
721 2460
721 643
721 1530
721 1149
721 2196
721 1533
721 2921
721 1028
721 2323
721 1182
721 2226
721 2187
721 1349
721 127
721 456
721 1093
721 1546
721 2922
721 2923
721 322
721 1549
721 1551
721 1352
721 699
721 510
721 1042
721 817
721 1873
721 1557
721 1562
721 244
721 616
721 80
721 911
721 860
721 2924
721 2466
721 1175
721 2916
721 1361
721 466
721 2797
721 499
721 1573
721 2776
721 926
721 1180
980 5
980 478
1529 1511
1529 837
1529 679
1529 464
1529 1171
343 1623
343 52
343 21
343 351
343 1
343 8
852 694
852 1
112 877
112 1233
112 878
2925 296
2339 114
2339 1679
2339 21
2339 333
623 19
623 980
623 8
1557 192
2926 1
2927 126
2927 56
2927 21
2928 93
2928 58
935 56
2929 258
2929 2930
2929 476
2931 269
2931 2932
2931 1824
1247 59
1247 556
2933 1328
2933 56
2933 41
2933 1329
1149 192
1149 296
1149 80
199 495
199 192
199 496
199 220
199 501
199 502
199 198
199 503
199 56
199 506
199 505
199 1941
199 757
199 333
199 311
199 2283
199 511
199 427
199 188
199 513
199 239
199 514
199 224
199 200
199 515
199 537
1338 21
2934 114
2934 21
2935 2936
2935 1405
2935 222
2794 21
2937 93
2359 2938
1393 487
1393 488
1393 486
1393 490
856 116
856 855
856 1671
856 2850
2939 21
2939 1
2253 815
2253 795
2253 709
1131 126
1131 1408
1131 56
1131 41
1131 1495
1131 29
2014 1330
2014 1120
2014 1
2940 21
2940 665
2940 8
2941 2942
2941 258
2941 500
2941 678
2941 686
2941 93
1939 20
1939 1385
1939 1645
1939 80
1939 917
1939 21
1939 93
1939 333
1939 313
1939 416
1939 58
1939 1
1939 1646
2943 1
2944 36
2945 114
2945 80
2945 21
2946 269
2947 1526
2947 1328
2947 1867
2947 425
2947 406
2947 56
2947 686
2947 610
2947 1329
2948 21
2948 721
2949 1453
2949 21
2950 2110
2950 1089
2950 583
2950 2109
2950 85
2950 108
2951 97
2952 296
2952 485
2952 1988
2952 87
2952 8
2952 753
183 681
183 682
183 671
183 683
183 685
183 1115
183 41
183 104
183 780
183 1324
183 1171
183 2953
183 2954
183 1273
183 1970
1920 1637
1920 848
1920 849
1920 1921
1920 850
1920 577
1920 2160
1920 2161
990 236
990 80
990 1022
990 881
990 637
990 1123
2955 1488
2955 2011
2955 556
2955 2012
2955 1089
2955 1801
1235 390
1235 296
1235 118
1235 1534
1235 658
1235 1229
1235 389
1235 879
1235 845
1235 1230
1235 354
2956 193
2957 2958
2957 465
2957 1767
2957 1650
2908 495
2908 196
2908 549
2908 197
2908 502
2908 382
2908 1627
2908 199
2908 1642
2908 755
2908 509
2908 188
2908 2207
2908 239
2908 1122
2959 2960
2959 686
2959 349
2959 694
2959 347
2961 1852
2961 1241
2962 95
2962 87
2963 108
2964 71
2965 97
2965 2966
2965 945
2967 126
2968 116
2968 669
2968 8
2969 412
2969 207
2969 1
1781 1583
1781 425
1781 846
1781 56
1781 1056
1781 41
1781 1782
1781 25
1781 1562
1781 1055
1781 385
1781 29
1781 87
2970 597
2971 118
2971 41
2773 560
2773 1067
2773 2470
2773 559
2773 1095
2773 168
2773 1140
2773 1094
2773 561
2773 1096
2972 614
2972 2973
2974 21
2974 615
2974 87
2975 116
2975 665
2975 313
2975 214
2975 8
2976 269
2977 690
2977 2044
101 1077
101 160
101 320
101 2275
101 580
101 106
101 1158
2978 19
2511 114
2511 20
2511 21
2511 124
2808 19
2808 21
2808 15
2979 108
2980 690
2980 705
1796 931
1796 182
1796 1225
1796 1078
1796 30
54 23
54 463
54 443
54 160
54 445
54 2046
1907 1747
1907 1748
1907 204
1907 1908
1806 165
1806 343
1806 500
1806 101
1806 837
1806 2981
1806 160
1806 1799
1806 52
1806 135
1806 1089
1806 313
1806 146
1806 54
1806 30
1806 660
1806 1273
2446 56
2446 41
2446 29
2982 20
1446 2705
1446 1445
1446 2983
1446 2984
388 1473
388 185
388 429
388 1935
388 1602
388 1337
388 142
388 1217
388 1331
388 1383
388 73
388 2826
388 534
388 2558
388 1254
388 1611
388 2104
388 2211
388 2332
388 1628
388 640
388 1484
388 2985
388 1782
388 925
388 239
388 1490
388 2816
388 1983
388 1340
388 437
388 1897
388 1661
388 438
388 38
388 629
388 1501
388 546
388 2986
388 2279
388 1341
388 211
388 2134
388 1105
388 1218
388 2987
388 1800
388 1510
388 1657
388 573
388 2988
388 2368
388 1752
388 2989
388 1515
388 1276
388 1585
388 1517
388 2373
388 2648
388 445
388 1278
388 2990
388 1645
388 1880
388 2863
388 2991
388 248
388 1283
388 1346
388 1894
388 2475
388 875
388 2992
388 1523
388 634
388 227
388 1001
388 1191
388 2865
388 548
388 145
388 43
388 1055
388 2505
388 1012
388 2650
388 2993
388 643
388 697
388 1887
388 2994
388 2145
388 258
388 2201
388 2339
388 2928
388 2995
388 2996
388 2018
388 1280
388 2997
388 123
388 489
388 2196
388 1533
388 2998
388 419
388 797
388 2111
388 76
388 287
388 302
388 1028
388 452
388 2651
388 2226
388 717
388 1016
388 1005
388 2999
388 49
388 949
388 890
388 1156
388 2531
388 1541
388 3000
388 1540
388 1299
388 701
388 458
388 2220
388 1755
388 2581
388 3001
388 1546
388 1804
388 2402
388 3002
388 2404
388 1929
388 331
388 1161
388 950
388 2716
388 1401
388 811
388 2324
388 148
388 189
388 496
388 699
388 987
388 2660
388 510
388 813
388 2227
388 1355
388 1008
388 2577
388 1007
388 2467
388 818
388 1812
388 1249
388 2672
388 1560
388 205
388 1559
388 1562
388 1409
388 615
388 1013
388 1051
388 571
388 2794
388 3003
388 1037
388 417
388 871
388 2719
388 2118
388 3004
388 463
388 917
388 2578
388 668
388 2582
388 169
388 3005
388 343
388 2040
388 2173
388 2198
388 543
388 313
388 2050
388 1175
388 882
388 2604
388 466
388 350
388 1284
388 2797
388 499
388 1215
388 2836
388 2218
388 1011
388 3006
388 3007
388 3008
388 627
388 2228
3009 1
1445 324
1445 686
1445 2083
1445 2983
1445 3010
1445 2984
3006 71
3006 21
3006 93
3006 1312
3006 1599
3006 1
3011 111
3011 2116
3011 21
3011 38
1575 868
1575 709
3012 269
3013 696
3014 3015
3014 1521
3016 269
3017 114
3017 20
3017 21
3017 124
3018 291
837 3019
837 19
837 2383
837 375
837 2627
837 3020
837 236
837 5
837 1367
1197 3021
1197 413
1197 339
1197 1423
1197 435
1197 352
1197 340
1197 2192
1197 2709
1197 412
1197 1298
1197 1367
1197 2193
1197 2194
1197 1656
1197 1741
1197 417
1197 1914
1197 1
3022 1741
3023 97
3023 98
2953 556
2953 1458
2953 671
2953 780
3024 1958
3024 21
3025 42
3025 470
3025 686
44 24
44 56
44 41
44 8
2186 696
696 1501
696 3018
696 1458
696 13
696 1676
696 1385
696 922
696 3026
696 2080
696 3027
696 702
696 50
696 291
696 1
696 149
696 3028
696 688
696 2081
245 21
2650 114
2650 21
3029 97
1727 21
1727 1040
3030 80
3030 97
3030 142
3030 21
3030 1
3031 377
2966 647
2966 340
2966 686
2966 3032
2966 1443
1887 19
1887 258
1887 1474
1887 181
1887 1100
1887 56
1887 41
1887 2016
1887 29
2634 192
2634 193
2634 195
2634 196
2634 671
2634 198
2634 382
2634 56
2634 199
2634 41
2634 323
2634 188
2634 190
2634 201
2634 29
2463 813
2463 1400
3033 1820
56 379
56 1638
56 2796
56 502
56 501
56 2096
56 2792
56 140
56 2795
56 3034
56 1155
56 631
56 1156
56 188
56 239
56 515
56 243
56 1936
56 98
56 1775
2050 21
3035 637
2016 269
3036 1341
3036 1051
3036 93
1519 93
849 850
1794 2246
1794 1793
1794 80
1794 2046
1794 21
1794 2248
2997 21
3037 1
466 19
466 21
466 814
3038 485
3038 1457
3038 1233
1617 1615
1617 313
1617 1039
1617 303
1617 1616
3039 41
3039 21
3039 1
3039 29
2649 20
1089 1488
1089 1308
1089 2397
1089 3040
1089 2247
1089 2181
1089 939
1089 2012
1089 679
1089 3041
1089 938
1089 3042
1089 207
3043 269
3044 21
441 56
441 41
441 1039
441 29
3045 690
3045 182
1802 2987
1802 871
2143 413
2143 414
2143 340
2143 2192
2143 1298
2143 1656
2143 1196
2143 1197
2143 417
2143 370
2143 419
2143 1
2143 1646
3046 2223
3046 21
3046 3047
3048 323
3048 188
36 3049
36 3050
36 2602
36 3051
36 52
36 2187
36 3052
36 3053
3054 296
3055 1454
3055 391
3055 1457
3055 1233
3055 1
2055 258
2055 481
2055 480
1140 1067
1140 559
1140 1251
1140 360
1140 56
1140 161
1140 265
1140 21
1140 1
1140 29
1140 1669
3056 1251
1705 269
459 431
2865 20
1143 56
1143 21
1143 29
3057 21
370 1820
370 3058
84 324
84 29
2068 1317
2068 56
2068 265
2068 29
3059 671
2348 190
2267 733
24 278
24 3060
24 2093
24 3061
24 56
24 2936
24 474
24 1038
24 3062
24 1366
24 2077
24 1039
24 43
24 50
1145 559
1145 296
1145 116
1145 1671
3063 370
1125 29
3064 29
2884 1739
2884 160
2884 2046
2884 1784
2884 2248
3065 1022
3065 1
1413 684
2189 127
2189 73
2189 745
2189 746
2863 56
2863 21
2863 29
3066 80
2338 20
3067 200
182 2738
3068 3069
3070 686
1127 296
1127 56
572 440
572 316
572 643
572 599
1703 269
170 171
3071 3072
979 601
979 21
690 931
690 2628
690 2044
690 161
3073 377
1480 21
1480 1312
1521 296
1521 80
1521 213
2938 193
1305 187
1305 1336
1305 108
1305 714
1129 192
1129 197
1129 56
1129 199
1129 426
1129 188
1129 190
1129 200
1129 29
3074 185
3074 21
3074 478
432 114
432 194
432 56
432 41
432 333
432 29
2008 3075
2008 265
3076 23
3076 679
3076 1
3076 87
3077 97
3078 116
1277 1022
1277 881
3079 350
3079 927
3080 1680
3080 2733
3080 1075
3081 114
3081 388
3081 21
3081 1086
3081 385
3082 105
3083 1301
3083 1537
3083 473
3083 296
3083 118
3083 990
3083 443
3083 2164
3083 879
3083 3084
3083 1115
3083 1300
3083 584
3083 686
3083 1405
3083 104
3083 450
3083 1302
3083 2463
3083 1039
3083 55
3083 1663
3085 21
3085 1
3085 275
3086 596
3086 924
3087 1802
3088 187
3088 2037
3088 1
230 1308
3089 192
3089 466
3089 614
3089 3030
3089 196
3089 89
3089 1438
3089 678
3089 1450
3089 2272
3089 352
3089 382
3089 3090
3089 199
3089 421
3089 1555
3089 672
3089 1762
3089 2391
3089 383
3089 1122
3089 1529
3089 189
3089 1603
3089 2423
3089 58
3089 1671
3089 29
3089 108
3089 95
3089 1775
3091 93
3091 87
3091 8
3092 21
3092 93
3092 721
773 340
773 922
773 412
773 1
3093 184
3094 2828
3095 80
3095 93
3095 665
503 56
3096 292
1344 20
1344 21
1746 1455
2990 877
2990 878
3097 1455
3097 391
3097 1456
2336 21
1818 379
1818 116
495 671
495 198
495 56
495 757
495 188
1050 21
3098 20
1340 20
1340 21
3099 21
3021 1
1425 19
223 224
1520 2543
3100 470
1829 3101
875 5
875 21
238 64
238 1973
238 599
3102 296
568 258
568 1010
568 346
2743 2742
3103 21
3103 1
3104 539
3105 269
3105 1
2651 114
2651 20
2651 2543
2651 2608
2651 21
2651 124
593 19
593 626
593 194
593 1195
593 187
593 619
593 837
593 5
593 686
593 665
593 155
593 910
1073 56
1073 1
2709 340
2709 21
2709 1
3106 1558
3106 1427
3106 3107
3106 15
3106 1957
3108 1
2999 19
2999 1583
2999 1085
2999 21
2999 15
2999 124
3109 194
3109 315
3109 313
3109 2299
3109 2869
3109 1
3110 2146
3110 878
3110 576
3110 62
3110 8
3111 3069
576 3112
576 485
576 877
576 1233
576 878
576 226
1485 21
229 19
229 294
229 3113
229 3114
3115 296
3115 581
3115 21
3116 114
3116 20
3116 382
3116 21
3116 383
3116 124
3116 669
1886 424
1886 941
1668 78
3117 126
3117 665
3117 29
3118 114
3118 192
3118 56
3118 80
3118 721
449 126
449 20
449 116
449 56
449 41
449 1241
449 21
449 665
449 178
449 95
449 29
3119 2248
563 606
563 602
563 400
563 1087
563 608
563 3120
563 6
563 621
563 2880
563 553
563 3121
563 266
563 577
563 2400
563 1370
563 603
2991 20
2991 665
2991 637
2991 124
132 2481
132 459
132 430
132 131
132 431
132 464
132 30
3122 1951
3122 21
904 951
904 2782
904 903
3123 20
2995 21
3124 696
3125 21
3126 116
2673 118
2673 95
3127 903
3127 904
663 210
663 1853
3128 30
720 126
720 232
720 265
720 41
720 637
720 29
3129 80
3129 21
3129 721
3129 43
313 2556
313 1623
313 343
313 71
313 627
313 1098
313 960
313 1876
313 5
313 161
313 287
313 52
313 21
313 610
313 2430
313 33
313 351
313 417
313 573
313 1
313 419
313 8
3130 269
2988 114
2988 2785
2988 2344
2988 2462
2988 5
2988 6
2988 721
3131 137
3131 1426
3132 87
3133 87
3134 813
3134 87
1909 1906
1909 1907
1909 1747
1909 1748
1909 204
1909 1908
3084 118
3084 1115
3084 104
433 837
433 1196
3135 127
3135 927
3135 1233
3135 3136
3135 8
3137 2637
3137 1259
3137 2771
1890 114
1890 2106
1890 669
1440 1397
1440 1437
1440 1438
1440 1398
1440 557
1440 161
1440 555
1440 604
1440 982
1440 1439
1440 580
1440 679
1440 1441
1799 42
1799 36
1799 920
1799 742
1799 129
1799 923
1799 43
1799 58
1799 30
3138 21
3139 1241
3139 97
3140 1099
3141 20
3141 93
3141 8
413 435
413 3142
3143 114
3143 118
1878 21
3144 696
3144 610
1100 3061
1100 2190
1100 181
1100 3145
1100 960
1100 1445
1100 2083
1100 1174
1100 890
1100 2028
1100 149
2643 2640
2643 492
2643 2057
2643 913
2643 2642
2643 912
2643 591
2643 1
3146 1127
140 21
3147 1937
3147 3148
19 140
19 1367
2437 194
2437 671
2437 3059
2437 56
2437 673
2437 29
33 116
33 2212
631 21
3149 24
3149 5
3149 6
3149 1038
3149 1367
3149 1039
3149 1957
3149 189
3149 78
3149 3150
2024 269
2024 21
2954 671
2954 2953
3151 1
1226 931
1226 1223
1226 41
1873 19
1873 80
1873 21
1873 15
1873 1312
1873 124
1991 56
1991 41
1991 1775
1991 29
2869 3152
2869 733
2869 161
2869 3153
3154 197
3154 200
11 216
11 217
11 89
11 220
11 2112
11 219
11 199
11 2061
11 223
11 224
11 225
11 2030
317 21
176 171
1944 5
2923 80
2923 1843
3155 269
1004 20
1004 21
1524 114
1524 20
1524 382
1524 21
1524 124
3156 1455
3156 1746
1158 180
1158 2275
1158 106
1158 1
2922 114
2922 97
2922 21
2226 114
2226 80
2226 21
2226 351
1018 20
1018 21
3157 1319
3157 3071
3157 2230
1232 21
3158 1
2530 1963
2414 1764
2414 217
2414 116
2414 3159
2414 2077
2414 2078
3160 1139
821 21
3161 258
3162 20
3163 278
3163 93
3163 8
1924 931
1924 1225
1924 56
1924 885
1924 2936
1924 583
1924 37
1924 307
1560 21
122 379
122 2389
122 2024
122 1018
3164 815
3164 806
3164 412
3164 417
3164 1
3165 813
598 196
598 159
598 837
598 199
598 323
598 254
598 188
598 155
598 108
1229 390
1229 844
1229 391
1229 389
1229 617
1229 392
1229 393
1229 395
1229 396
1229 93
1229 1230
1229 458
1229 1532
1229 397
1229 398
3166 696
1852 210
1328 933
1328 1991
1328 56
1328 1155
1328 1992
1328 41
1328 914
1328 29
1328 935
1328 1775
1328 1329
1801 23
1801 1308
1801 3167
1801 230
1801 2012
1801 679
1801 3041
1801 8
1139 114
1139 126
1139 192
1139 56
1139 41
1139 21
1139 3168
1139 1993
1139 16
1139 337
1139 2813
1139 1329
3169 2500
3169 340
3169 80
3169 353
3169 21
3169 1196
3169 1197
3169 1
1618 3061
1618 3170
1157 978
1157 29
1148 296
3171 197
3171 200
2341 837
2341 80
2341 6
3172 21
3172 351
797 20
797 21
2269 915
806 830
806 21
1151 56
1151 2884
1151 29
1822 3173
1822 1069
1822 878
1822 576
1547 1216
1276 80
1276 1
1276 8
799 2015
799 2014
799 817
799 2016
2960 349
2960 1
3174 621
3174 3175
3176 626
3176 241
3176 108
2284 192
2284 199
2284 29
1420 943
1420 327
1420 1113
1420 365
1534 943
1534 903
1534 904
1534 327
1534 868
1534 1668
1534 29
1970 24
1970 162
1970 50
1970 213
1970 1
1970 307
3177 2606
3178 1022
277 19
277 4
277 187
277 847
277 1251
277 159
277 594
277 837
277 745
277 161
277 733
277 686
277 162
277 871
277 1330
277 622
277 254
277 596
277 610
277 50
277 189
277 1464
277 615
277 108
277 714
40 24
40 752
40 2021
40 62
40 1970
3179 1
3180 116
3181 665
3182 665
3182 58
3182 87
378 192
378 199
378 980
3183 21
3183 1
585 3184
585 3174
585 187
585 686
585 189
41 1107
41 2597
41 3185
41 188
41 2398
41 1760
41 316
41 2736
41 1782
41 239
41 1490
41 1075
41 1495
41 3186
41 2074
41 375
41 1277
41 933
41 2096
41 2068
41 2311
41 1775
41 440
41 1335
41 1302
41 392
41 140
41 1129
41 1992
41 866
41 503
41 1130
41 266
41 626
41 196
41 3177
41 2653
41 2863
41 767
41 495
41 1134
41 193
41 1136
41 589
41 1140
41 1142
41 1246
41 3187
41 1143
41 1191
41 1144
41 84
41 1319
41 258
41 2237
41 192
41 1148
41 991
41 1918
41 1151
41 1056
41 1152
41 1534
41 194
41 756
41 890
41 1765
41 1155
41 138
41 1156
41 658
41 2346
41 1770
41 379
41 502
41 329
41 533
41 903
41 52
41 29
41 535
41 2608
41 1042
41 1317
41 501
41 693
41 474
41 758
41 1559
41 1936
41 935
41 479
41 1562
41 56
41 615
41 2101
41 2794
41 941
41 2795
41 201
41 2760
41 514
41 1019
41 2391
41 930
41 2353
41 62
41 515
41 536
41 2906
41 932
41 2777
41 1382
41 424
41 1406
41 199
41 1320
41 1393
41 2281
41 1784
41 499
41 2797
41 1825
41 2218
41 243
41 831
41 1043
41 488
3188 114
3188 563
3188 80
3188 388
3188 21
246 80
246 21
3189 56
3189 41
3189 29
3189 8
3190 388
3190 21
3190 1287
3190 1120
3190 95
3190 8
3191 3192
3191 80
3191 21
193 3067
193 495
193 2281
193 2260
193 501
193 895
193 426
193 1129
193 941
193 239
193 514
193 190
193 200
193 515
193 29
193 537
193 1142
193 536
447 365
1512 80
1512 21
1512 1
1209 1
1209 275
3193 2906
3194 41
1591 59
1591 1434
1591 1435
3195 21
3195 93
3195 87
3196 116
3197 1374
3197 2542
3197 80
3197 1834
3197 864
3197 1527
3197 567
3197 1755
1871 258
1871 5
601 19
601 928
601 1944
601 2502
790 21
2657 2656
934 56
1918 21
3061 1659
3198 843
1001 19
1001 20
1001 80
406 2094
406 236
406 52
406 581
406 1367
2713 1
78 187
78 575
78 1251
78 116
78 837
78 161
78 733
78 2144
78 175
78 1809
78 310
78 275
952 881
2247 2046
595 187
595 837
595 686
922 29
792 56
780 1324
1345 21
3199 258
3199 21
3200 1
913 492
794 21
2131 1437
2131 277
2131 1511
2131 1032
2131 155
1879 787
1684 275
2660 3201
2660 3202
3203 21
2942 258
2942 93
2170 435
2170 71
2170 340
2170 353
2170 21
2170 1599
2170 1196
2170 417
2170 1197
2170 1299
2170 1
2170 419
3159 217
3159 2077
414 340
3204 21
3205 1
1555 194
1555 80
1555 21
1555 721
1764 2077
1118 1322
3206 3207
3208 684
3208 359
461 444
461 2212
461 1628
461 21
461 721
461 305
2635 116
2635 382
2635 665
2635 1451
1906 1907
1906 2111
1906 1748
1906 756
1906 246
1906 204
1906 1908
254 601
254 595
254 5
254 478
1545 21
1545 1312
1545 721
1545 8
